Solutions File
10
12
1 3 0
1 2 2
2 8 5
2 4 5
2 1 2
3 11 5
3 8 0
3 4 0
3 2 5
3 1 5
4 8 5
4 1 5
5 6 5
6 12 5
6 11 5
6 10 5
6 5 0
7 9 1
7 2 5
8 12 5
8 7 5
8 6 5
8 3 5
9 12 5
9 4 5
9 2 2
10 9 5
10 5 2
10 3 5
10 1 5



Patero Front: 

85 	 0 	 1 	 4 
1 1
2 2
8 2
10 4
7 4
3 5
2 7
7 12
9 7
6 9
4 10
10 12
10 6
8 5
5 1
4 6
2 12
5 8
1 11
9 3
8 11
6 2




85 	 0 	 1 	 4 
1 1
2 2
4 11
3 12
2 11
9 3
3 9
5 8
10 12
7 3
10 4
8 2
10 6
5 2
3 7
8 11
2 5
1 6
7 10
9 9
8 4
6 1




84 	 0 	 0 	 4 
1 1
2 2
10 4
10 2
6 2
8 5
3 10
9 3
2 12
4 6
9 9
7 1
5 7
8 10
5 3
7 6
4 11
7 12
10 6
2 5
6 9




85 	 0 	 1 	 4 
1 1
2 2
4 12
8 4
10 2
10 7
10 12
7 1
2 11
9 11
2 5
8 2
7 3
6 2
1 6
4 7
7 12
8 10
6 9
5 10




