100	5.06	48
110	6.4	48
120	6.5	48
130	6.58	48
140	7.08	48
150	7.34	48
160	7.43	48
170	8.04	48
180	8.45	48
190	9.29	48
200	10.49	48
210	11.18	48
220	12.02	48
230	12.83	48
240	13.72	54
250	14.22	54
260	14.22	54
270	14.28	54
280	15.0	54
290	15.39	54
300	16.88	54
310	17.32	54
320	17.4	54
330	17.98	54
340	19.08	54
350	19.59	54
360	20.43	54
370	20.84	54
380	21.06	54
390	21.56	54
400	21.87	54
410	21.97	54
420	23.1	64
430	23.22	64
440	23.86	64
450	24.21	64
460	24.78	64
470	25.08	64
480	25.25	64
490	25.84	64
500	25.87	64
510	26.37	64
520	26.44	64
530	27.56	64
540	27.74	64
550	28.04	64
560	28.69	64
570	29.59	64
580	29.86	64
590	30.36	64
600	30.36	64
610	30.64	64
620	31.25	64
630	31.51	64
640	31.54	64
650	31.76	64
660	32.63	64
670	32.63	64
680	32.63	64
690	32.63	64
700	32.64	64
710	33.0	64
720	33.34	64
730	34.17	64
740	34.66	64
750	34.9	64
760	34.9	64
770	35.19	64
780	35.34	64
790	35.53	64
800	35.53	64
810	35.53	64
820	35.58	64
830	35.85	64
840	35.95	64
850	36.15	64
860	36.36	64
870	36.44	64
880	36.46	64
890	36.61	64
900	36.85	64
910	36.98	64
920	37.06	64
930	37.06	64
940	37.21	64
950	37.37	64
960	37.59	64
970	37.59	64
980	37.78	64
990	37.78	64
1000	37.88	64
1010	37.98	64
1020	38.31	64
1030	38.31	64
1040	38.31	64
1050	38.62	64
1060	38.76	64
1070	38.8	64
1080	38.8	64
1090	38.82	64
1100	39.02	64
1110	39.02	64
1120	39.02	64
1130	39.04	64
1140	39.04	64
1150	39.06	64
1160	39.24	64
1170	39.56	64
1180	39.93	64
1190	39.99	64
1200	40.18	64
1210	40.18	64
1220	40.22	64
1230	40.22	64
1240	40.22	64
1250	40.26	64
1260	40.36	64
1270	40.36	64
1280	40.38	64
1290	40.65	64
1300	40.65	64
1310	40.76	64
1320	40.89	64
1330	40.92	64
1340	40.92	64
1350	41.03	64
1360	41.03	64
1370	41.11	64
1380	41.11	64
1390	41.13	64
1400	41.27	64
1410	41.27	64
1420	41.27	64
1430	41.27	64
1440	41.33	64
1450	41.33	64
1460	41.81	64
1470	41.81	64
1480	41.81	64
1490	41.81	64
1500	42.0	64
1510	42.14	64
1520	42.31	64
1530	42.32	64
1540	42.32	64
1550	42.32	64
1560	42.32	64
1570	42.32	64
1580	42.32	64
1590	42.32	64
1600	42.32	64
1610	42.51	64
1620	42.57	64
1630	42.57	64
1640	42.58	64
1650	42.58	64
1660	42.58	64
1670	42.58	64
1680	42.58	64
1690	42.72	64
1700	42.72	64
1710	42.8	64
1720	42.96	64
1730	43.08	64
1740	43.08	64
1750	43.08	64
1760	43.08	64
1770	43.1	64
1780	43.1	64
1790	43.2	64
1800	43.2	64
1810	43.2	64
1820	43.25	64
1830	43.4	64
1840	43.4	64
1850	43.4	64
1860	43.4	64
1870	43.4	64
1880	43.49	64
1890	43.49	64
1900	43.56	64
1910	43.56	64
1920	43.75	64
1930	43.8	64
1940	43.8	64
1950	43.8	64
1960	43.85	64
1970	43.86	64
1980	44.49	70
1990	44.7	70
2000	44.7	70
2010	44.8	70
2020	44.8	70
2030	44.8	70
2040	44.8	70
2050	44.8	70
2060	44.86	70
2070	44.86	70
2080	45.0	70
2090	45.12	70
2100	45.12	70
2110	45.12	70
2120	45.25	70
2130	45.25	70
2140	45.25	70
2150	45.25	70
2160	45.25	70
2170	45.29	70
2180	45.34	70
2190	45.35	70
2200	45.35	70
2210	45.4	70
2220	45.4	70
2230	45.41	70
2240	45.52	70
2250	45.55	70
2260	45.55	70
2270	45.55	70
2280	45.71	70
2290	45.79	70
2300	45.79	70
2310	45.79	70
2320	45.79	70
2330	45.79	70
2340	45.79	70
2350	45.79	70
2360	45.79	70
2370	45.79	70
2380	45.79	70
2390	45.79	70
2400	45.79	70
2410	45.79	70
2420	45.79	70
2430	45.79	70
2440	45.79	70
2450	45.79	70
2460	45.95	70
2470	46.01	70
2480	46.01	70
2490	46.08	70
2500	46.08	70
2510	46.08	70
2520	46.08	70
2530	46.1	70
2540	46.1	70
2550	46.1	70
2560	46.1	70
2570	46.1	70
2580	46.1	70
2590	46.1	70
2600	46.1	70
2610	46.1	70
2620	46.22	70
2630	46.22	70
2640	46.22	70
2650	46.25	70
2660	46.25	70
2670	46.25	70
2680	46.25	70
2690	46.25	70
2700	46.25	70
2710	46.34	70
2720	46.34	70
2730	46.34	70
2740	46.34	70
2750	46.34	70
2760	46.34	70
2770	46.34	70
2780	46.34	70
2790	46.45	70
2800	46.45	70
2810	46.45	70
2820	46.45	70
2830	46.45	70
2840	46.58	70
2850	46.61	70
2860	46.61	70
2870	46.61	70
2880	46.61	70
2890	46.61	70
2900	46.65	70
2910	46.65	70
2920	46.66	70
2930	46.7	70
2940	46.7	70
2950	46.7	70
2960	46.85	70
2970	46.97	70
2980	47.11	70
2990	47.11	70
3000	47.43	70
3010	47.43	70
3020	47.43	70
3030	47.43	70
3040	47.43	70
3050	47.43	70
3060	47.43	70
3070	47.43	70
3080	47.43	70
3090	47.43	70
3100	47.43	70
3110	47.43	70
3120	47.62	70
3130	47.75	70
3140	47.75	70
3150	47.75	70
3160	47.98	70
3170	47.98	70
3180	48.06	70
3190	48.06	70
3200	48.06	70
3210	48.15	70
3220	48.15	70
3230	48.15	70
3240	48.15	70
3250	48.15	70
3260	48.16	70
3270	48.16	70
3280	48.16	70
3290	48.16	70
3300	48.16	70
3310	48.16	70
3320	48.16	70
3330	48.16	70
3340	48.16	70
3350	48.16	70
3360	48.34	70
3370	48.34	70
3380	48.34	70
3390	48.34	70
3400	48.34	70
3410	48.34	70
3420	48.34	70
3430	48.34	70
3440	48.34	70
3450	48.42	70
3460	48.42	70
3470	48.42	70
3480	48.42	70
3490	48.56	70
3500	48.56	70
3510	48.66	70
3520	48.66	70
3530	48.66	70
3540	48.73	70
3550	48.73	70
3560	48.73	70
3570	48.73	70
3580	48.73	70
3590	48.73	70
3600	48.76	70
3610	48.76	70
3620	48.76	70
3630	48.76	70
3640	48.76	70
3650	48.76	70
3660	48.76	70
3670	48.76	70
3680	48.76	70
3690	48.84	70
3700	48.84	70
3710	48.84	70
3720	48.84	70
3730	48.84	70
3740	48.84	70
3750	48.84	70
3760	48.84	70
3770	48.91	70
3780	48.91	70
3790	48.91	70
3800	48.93	70
3810	48.93	70
3820	48.93	70
3830	48.93	70
3840	48.93	70
3850	48.93	70
3860	48.97	70
3870	48.97	70
3880	48.97	70
3890	48.97	70
3900	48.97	70
3910	48.97	70
3920	48.97	70
3930	48.97	70
3940	48.97	70
3950	49.06	70
3960	49.06	70
3970	49.06	70
3980	49.06	70
3990	49.06	70
4000	49.06	70
4010	49.06	70
4020	49.06	70
4030	49.06	70
4040	49.08	70
4050	49.08	70
4060	49.08	70
4070	49.08	70
4080	49.15	70
4090	49.15	70
4100	49.15	70
4110	49.15	70
4120	49.16	70
4130	49.16	70
4140	49.16	70
4150	49.16	70
4160	49.16	70
4170	49.16	70
4180	49.16	70
4190	49.16	70
4200	49.16	70
4210	49.17	70
4220	49.17	70
4230	49.3	70
4240	49.3	70
4250	49.3	70
4260	49.3	70
4270	49.3	70
4280	49.3	70
4290	49.3	70
4300	49.3	70
4310	49.3	70
4320	49.3	70
4330	49.38	70
4340	49.38	70
4350	49.38	70
4360	49.38	70
4370	49.38	70
4380	49.38	70
4390	49.38	70
4400	49.42	70
4410	49.42	70
4420	49.48	70
4430	49.59	70
4440	49.59	70
4450	49.59	70
4460	49.59	70
4470	49.59	70
4480	49.59	70
4490	49.59	70
4500	49.59	70
4510	49.59	70
4520	49.59	70
4530	49.63	70
4540	49.63	70
4550	49.63	70
4560	49.63	70
4570	49.64	70
4580	49.73	70
4590	49.74	70
4600	49.74	70
4610	49.95	70
4620	49.95	70
4630	50.05	70
4640	50.05	70
4650	50.05	70
4660	50.05	70
4670	50.05	70
4680	50.05	70
4690	50.05	70
4700	50.05	70
4710	50.05	70
4720	50.11	70
4730	50.11	70
4740	50.11	70
4750	50.14	70
4760	50.14	70
4770	50.14	70
4780	50.14	70
4790	50.14	70
4800	50.17	70
4810	50.17	70
4820	50.17	70
4830	50.17	70
4840	50.17	70
4850	50.17	70
4860	50.19	70
4870	50.19	70
4880	50.19	70
4890	50.25	70
4900	50.25	70
4910	50.25	70
4920	50.25	70
4930	50.25	70
4940	50.25	70
4950	50.25	70
4960	50.29	70
4970	50.33	70
4980	50.4	70
4990	50.4	70
5000	50.4	70
5010	50.45	70
5020	50.45	70
5030	50.45	70
5040	50.45	70
5050	50.55	70
5060	50.56	70
5070	50.61	70
5080	50.61	70
5090	50.61	70
5100	50.61	70
5110	50.61	70
5120	50.69	70
5130	50.69	70
5140	50.69	70
5150	50.69	70
5160	50.69	70
5170	50.69	70
5180	50.69	70
5190	50.69	70
5200	50.69	70
5210	50.69	70
5220	50.69	70
5230	50.69	70
5240	50.76	70
5250	50.76	70
5260	50.82	70
5270	50.82	70
5280	50.82	70
5290	50.82	70
5300	50.82	70
5310	50.82	70
5320	50.82	70
5330	50.82	70
5340	50.82	70
5350	50.82	70
5360	50.82	70
5370	50.82	70
5380	50.82	70
5390	50.82	70
5400	50.82	70
5410	50.9	70
5420	50.9	70
5430	50.9	70
5440	50.9	70
5450	50.9	70
5460	50.9	70
5470	50.9	70
5480	50.9	70
5490	50.9	70
5500	50.9	70
5510	50.9	70
5520	50.9	70
5530	50.9	70
5540	51.03	70
5550	51.03	70
5560	51.03	70
5570	51.03	70
5580	51.03	70
5590	51.03	70
5600	51.03	70
5610	51.03	70
5620	51.03	70
5630	51.17	70
5640	51.3	70
5650	51.38	70
5660	51.38	70
5670	51.38	70
5680	51.38	70
5690	51.38	70
5700	51.38	70
5710	51.38	70
5720	51.38	70
5730	51.38	70
5740	51.38	70
5750	51.38	70
5760	51.39	70
5770	51.39	70
5780	51.39	70
5790	51.39	70
5800	51.39	70
5810	51.39	70
5820	51.39	70
5830	51.39	70
5840	51.39	70
5850	51.39	70
5860	51.39	70
5870	51.39	70
5880	51.39	70
5890	51.39	70
5900	51.39	70
5910	51.39	70
5920	51.39	70
5930	51.39	70
5940	51.39	70
5950	51.39	70
5960	51.39	70
5970	51.39	70
5980	51.39	70
5990	51.39	70
6000	51.43	70
6010	51.52	70
6020	51.52	70
6030	51.52	70
6040	51.52	70
6050	51.52	70
6060	51.52	70
6070	51.52	70
6080	51.62	70
6090	51.62	70
6100	51.62	70
6110	51.62	70
6120	51.71	70
6130	51.71	70
6140	51.71	70
6150	51.71	70
6160	51.71	70
6170	51.72	70
6180	51.72	70
6190	51.72	70
6200	51.72	70
6210	51.72	70
6220	51.72	70
6230	51.72	70
6240	51.72	70
6250	51.87	70
6260	51.87	70
6270	51.87	70
6280	51.87	70
6290	51.87	70
6300	51.87	70
6310	51.87	70
6320	51.87	70
6330	51.87	70
6340	51.87	70
6350	51.87	70
6360	51.87	70
6370	51.87	70
6380	51.87	70
6390	51.87	70
6400	51.98	70
6410	51.98	70
6420	51.98	70
6430	51.98	70
6440	51.98	70
6450	51.98	70
6460	52.03	70
6470	52.03	70
6480	52.03	70
6490	52.03	70
6500	52.03	70
6510	52.03	70
6520	52.03	70
6530	52.03	70
6540	52.03	70
6550	52.03	70
6560	52.03	70
6570	52.03	70
6580	52.03	70
6590	52.03	70
6600	52.03	70
6610	52.03	70
6620	52.06	70
6630	52.06	70
6640	52.06	70
6650	52.06	70
6660	52.06	70
6670	52.06	70
6680	52.06	70
6690	52.06	70
6700	52.06	70
6710	52.06	70
6720	52.06	70
6730	52.06	70
6740	52.06	70
6750	52.06	70
6760	52.06	70
6770	52.06	70
6780	52.06	70
6790	52.06	70
6800	52.06	70
6810	52.06	70
6820	52.14	70
6830	52.16	70
6840	52.16	70
6850	52.16	70
6860	52.16	70
6870	52.16	70
6880	52.24	70
6890	52.24	70
6900	52.24	70
6910	52.25	70
6920	52.25	70
6930	52.25	70
6940	52.25	70
6950	52.25	70
6960	52.35	70
6970	52.4	70
6980	52.4	70
6990	52.4	70
7000	52.4	70
7010	52.4	70
7020	52.4	70
7030	52.4	70
7040	52.4	70
7050	52.49	70
7060	52.49	70
7070	52.49	70
7080	52.49	70
7090	52.49	70
7100	52.51	70
7110	52.51	70
7120	52.51	70
7130	52.51	70
7140	52.51	70
7150	52.51	70
7160	52.51	70
7170	52.51	70
7180	52.51	70
7190	52.52	70
7200	52.52	70
7210	52.52	70
7220	52.52	70
7230	52.52	70
7240	52.52	70
7250	52.52	70
7260	52.52	70
7270	52.52	70
7280	52.52	70
7290	52.52	70
7300	52.52	70
7310	52.52	70
7320	52.54	70
7330	52.54	70
7340	52.54	70
7350	52.54	70
7360	52.54	70
7370	52.54	70
7380	52.64	70
7390	52.64	70
7400	52.64	70
7410	52.64	70
7420	52.64	70
7430	52.64	70
7440	52.64	70
7450	52.64	70
7460	52.64	70
7470	52.64	70
7480	52.64	70
7490	52.64	70
7500	52.64	70
7510	52.64	70
7520	52.64	70
7530	52.64	70
7540	52.72	70
7550	52.72	70
7560	52.72	70
7570	52.72	70
7580	52.72	70
7590	52.72	70
7600	52.72	70
7610	52.72	70
7620	52.72	70
7630	52.72	70
7640	52.72	70
7650	52.72	70
7660	52.72	70
7670	52.72	70
7680	52.72	70
7690	52.72	70
7700	52.79	70
7710	52.79	70
7720	52.85	70
7730	52.85	70
7740	52.88	70
7750	52.88	70
7760	52.88	70
7770	52.88	70
7780	52.88	70
7790	52.88	70
7800	52.88	70
7810	52.88	70
7820	52.88	70
7830	52.88	70
7840	52.88	70
7850	52.88	70
7860	52.88	70
7870	52.88	70
7880	52.88	70
7890	52.95	70
7900	52.95	70
7910	52.95	70
7920	52.95	70
7930	52.95	70
7940	52.95	70
7950	52.95	70
7960	52.95	70
7970	52.95	70
7980	52.95	70
7990	52.95	70
8000	52.98	70
8010	53.02	70
8020	53.02	70
8030	53.02	70
8040	53.02	70
8050	53.02	70
8060	53.02	70
8070	53.02	70
8080	53.02	70
8090	53.08	70
8100	53.08	70
8110	53.08	70
8120	53.1	70
8130	53.1	70
8140	53.1	70
8150	53.1	70
8160	53.1	70
8170	53.1	70
8180	53.1	70
8190	53.18	70
8200	53.18	70
8210	53.18	70
8220	53.18	70
8230	53.18	70
8240	53.24	70
8250	53.27	70
8260	53.27	70
8270	53.27	70
8280	53.27	70
8290	53.29	70
8300	53.29	70
8310	53.29	70
8320	53.29	70
8330	53.29	70
8340	53.29	70
8350	53.29	70
8360	53.46	70
8370	53.46	70
8380	53.46	70
8390	53.46	70
8400	53.46	70
8410	53.46	70
8420	53.46	70
8430	53.55	70
8440	53.55	70
8450	53.55	70
8460	53.55	70
8470	53.55	70
8480	53.55	70
8490	53.55	70
8500	53.55	70
8510	53.55	70
8520	53.55	70
8530	53.55	70
8540	53.55	70
8550	53.55	70
8560	53.55	70
8570	53.55	70
8580	53.55	70
8590	53.55	70
8600	53.55	70
8610	53.55	70
8620	53.55	70
8630	53.55	70
8640	53.55	70
8650	53.55	70
8660	53.55	70
8670	53.55	70
8680	53.55	70
8690	53.55	70
8700	53.55	70
8710	53.55	70
8720	53.55	70
8730	53.55	70
8740	53.55	70
8750	53.55	70
8760	53.55	70
8770	53.62	70
8780	53.62	70
8790	53.62	70
8800	53.62	70
8810	53.62	70
8820	53.62	70
8830	53.62	70
8840	53.62	70
8850	53.62	70
8860	53.62	70
8870	53.75	70
8880	53.75	70
8890	53.75	70
8900	53.75	70
8910	53.75	70
8920	53.75	70
8930	53.75	70
8940	53.75	70
8950	53.75	70
8960	53.8	70
8970	53.88	70
8980	53.88	70
8990	53.88	70
9000	54.14	70
9010	54.14	70
9020	54.14	70
9030	54.14	70
9040	54.14	70
9050	54.14	70
9060	54.2	70
9070	54.2	70
9080	54.3	70
9090	54.38	70
9100	54.38	70
9110	54.38	70
9120	54.38	70
9130	54.38	70
9140	54.38	70
9150	54.38	70
9160	54.38	70
9170	54.38	70
9180	54.44	70
9190	54.44	70
9200	54.44	70
9210	54.44	70
9220	54.44	70
9230	54.44	70
9240	54.44	70
9250	54.44	70
9260	54.44	70
9270	54.44	70
9280	54.44	70
9290	54.47	70
9300	54.47	70
9310	54.47	70
9320	54.49	70
9330	54.49	70
9340	54.49	70
9350	54.49	70
9360	54.49	70
9370	54.49	70
9380	54.49	70
9390	54.49	70
9400	54.49	70
9410	54.51	70
9420	54.51	70
9430	54.51	70
9440	54.51	70
9450	54.53	70
9460	54.53	70
9470	54.53	70
9480	54.53	70
9490	54.53	70
9500	54.53	70
9510	54.53	70
9520	54.53	70
9530	54.53	70
9540	54.53	70
9550	54.53	70
9560	54.53	70
9570	54.58	70
9580	54.58	70
9590	54.58	70
9600	54.58	70
9610	54.58	70
9620	54.58	70
9630	54.58	70
9640	54.58	70
9650	54.58	70
9660	54.58	70
9670	54.58	70
9680	54.58	70
9690	54.58	70
9700	54.58	70
9710	54.68	70
9720	54.68	70
9730	54.68	70
9740	54.68	70
9750	54.68	70
9760	54.68	70
9770	54.68	70
9780	54.68	70
9790	54.68	70
9800	54.68	70
9810	54.68	70
9820	54.68	70
9830	54.68	70
9840	54.68	70
9850	54.68	70
9860	54.7	70
9870	54.7	70
9880	54.7	70
9890	54.7	70
9900	54.7	70
9910	54.78	70
9920	54.78	70
9930	54.78	70
9940	54.78	70
9950	54.78	70
9960	54.78	70
9970	54.78	70
9980	54.78	70
9990	54.78	70
10000	54.78	70
