100	6.09	53
110	6.42	53
120	7.2	53
130	8.29	53
140	9.21	53
150	10.03	53
160	11.33	53
170	11.88	53
180	13.84	64
190	14.58	64
200	15.01	64
210	15.92	64
220	16.74	64
230	17.17	64
240	17.64	64
250	18.17	64
260	18.56	64
270	19.74	64
280	20.86	64
290	21.39	64
300	22.01	64
310	22.48	64
320	23.17	64
330	24.29	64
340	24.66	64
350	24.84	64
360	25.27	64
370	25.76	64
380	26.22	64
390	26.6	64
400	26.92	64
410	27.53	64
420	27.79	64
430	27.95	64
440	28.14	64
450	28.64	64
460	29.0	64
470	29.37	64
480	29.57	64
490	29.57	64
500	29.63	64
510	29.96	64
520	30.11	64
530	30.25	64
540	30.48	64
550	30.53	64
560	30.6	64
570	30.6	64
580	31.25	64
590	31.25	64
600	31.73	64
610	32.35	64
620	32.86	64
630	32.94	64
640	33.08	64
650	33.08	64
660	33.29	64
670	33.44	64
680	33.44	64
690	33.73	64
700	33.91	64
710	34.0	64
720	34.46	64
730	34.5	64
740	34.5	64
750	34.5	64
760	34.5	64
770	34.62	64
780	34.62	64
790	34.62	64
800	34.96	64
810	35.0	64
820	35.22	64
830	35.28	64
840	35.53	64
850	35.65	64
860	35.65	64
870	35.73	64
880	35.9	64
890	36.05	64
900	36.38	64
910	36.44	64
920	36.71	64
930	36.95	64
940	37.15	64
950	37.34	64
960	37.34	64
970	37.41	64
980	37.83	64
990	37.83	64
1000	38.16	64
1010	38.52	64
1020	38.59	64
1030	38.86	64
1040	38.87	64
1050	39.15	64
1060	39.15	64
1070	39.25	64
1080	39.5	64
1090	39.5	64
1100	39.51	64
1110	39.64	64
1120	40.21	64
1130	40.29	64
1140	40.29	64
1150	40.29	64
1160	40.29	64
1170	40.38	64
1180	40.46	64
1190	40.66	64
1200	40.75	64
1210	40.75	64
1220	40.8	64
1230	40.8	64
1240	40.93	64
1250	40.93	64
1260	41.01	64
1270	41.08	64
1280	41.08	64
1290	41.08	64
1300	41.34	64
1310	41.34	64
1320	41.44	64
1330	41.44	64
1340	41.53	64
1350	41.65	64
1360	41.66	64
1370	41.69	64
1380	41.69	64
1390	41.69	64
1400	41.69	64
1410	41.91	64
1420	41.91	64
1430	41.91	64
1440	41.91	64
1450	41.91	64
1460	42.16	64
1470	42.16	64
1480	42.17	64
1490	42.21	64
1500	42.22	64
1510	42.22	64
1520	42.22	64
1530	42.22	64
1540	42.22	64
1550	42.22	64
1560	42.22	64
1570	42.29	64
1580	42.58	64
1590	42.63	64
1600	42.84	64
1610	43.08	64
1620	43.27	64
1630	43.27	64
1640	43.27	64
1650	43.27	64
1660	43.27	64
1670	43.48	64
1680	43.54	64
1690	43.54	64
1700	43.73	64
1710	43.73	64
1720	43.73	64
1730	43.73	64
1740	43.79	64
1750	43.79	64
1760	43.9	64
1770	43.97	64
1780	44.18	64
1790	44.24	64
1800	44.35	64
1810	44.35	64
1820	44.35	64
1830	44.46	64
1840	44.55	64
1850	44.55	64
1860	44.55	64
1870	44.55	64
1880	44.55	64
1890	44.55	64
1900	44.7	64
1910	44.86	64
1920	44.9	64
1930	45.04	64
1940	45.04	64
1950	45.04	64
1960	45.04	64
1970	45.04	64
1980	45.04	64
1990	45.04	64
2000	45.33	64
2010	45.33	64
2020	45.57	64
2030	45.61	64
2040	45.72	64
2050	45.83	64
2060	45.83	64
2070	45.83	64
2080	45.84	64
2090	45.84	64
2100	45.98	64
2110	46.02	64
2120	46.08	64
2130	46.28	64
2140	46.28	64
2150	46.28	64
2160	46.28	64
2170	46.28	64
2180	46.28	64
2190	46.28	64
2200	46.28	64
2210	46.33	64
2220	46.33	64
2230	46.33	64
2240	46.39	64
2250	46.39	64
2260	46.39	64
2270	46.39	64
2280	46.39	64
2290	46.39	64
2300	46.39	64
2310	46.44	64
2320	46.44	64
2330	46.44	64
2340	46.44	64
2350	46.44	64
2360	46.44	64
2370	46.44	64
2380	46.44	64
2390	46.63	64
2400	46.63	64
2410	46.87	64
2420	46.87	64
2430	46.87	64
2440	46.87	64
2450	46.94	64
2460	46.97	64
2470	46.97	64
2480	47.14	64
2490	47.14	64
2500	47.15	64
2510	47.15	64
2520	47.15	64
2530	47.15	64
2540	47.15	64
2550	47.15	64
2560	47.15	64
2570	47.31	64
2580	47.31	64
2590	47.31	64
2600	47.31	64
2610	47.45	64
2620	47.5	64
2630	47.5	64
2640	47.5	64
2650	47.5	64
2660	47.5	64
2670	47.53	64
2680	47.53	64
2690	47.53	64
2700	47.54	64
2710	47.54	64
2720	47.54	64
2730	47.57	64
2740	47.57	64
2750	47.57	64
2760	47.57	64
2770	47.57	64
2780	47.57	64
2790	47.57	64
2800	47.65	64
2810	47.68	64
2820	47.68	64
2830	47.68	64
2840	47.68	64
2850	47.68	64
2860	47.68	64
2870	47.68	64
2880	47.68	64
2890	47.68	64
2900	47.68	64
2910	47.68	64
2920	47.68	64
2930	47.68	64
2940	47.68	64
2950	47.68	64
2960	47.68	64
2970	47.71	64
2980	47.71	64
2990	47.73	64
3000	47.73	64
3010	47.76	64
3020	47.78	64
3030	47.78	64
3040	47.78	64
3050	47.78	64
3060	47.78	64
3070	47.78	64
3080	47.78	64
3090	47.78	64
3100	47.78	64
3110	47.78	64
3120	47.78	64
3130	47.82	64
3140	47.82	64
3150	47.82	64
3160	47.82	64
3170	47.82	64
3180	47.82	64
3190	47.82	64
3200	47.82	64
3210	47.82	64
3220	47.82	64
3230	47.82	64
3240	47.82	64
3250	47.82	64
3260	47.82	64
3270	47.82	64
3280	47.82	64
3290	47.82	64
3300	47.82	64
3310	47.82	64
3320	47.94	64
3330	47.96	64
3340	47.96	64
3350	48.01	64
3360	48.01	64
3370	48.01	64
3380	48.01	64
3390	48.05	64
3400	48.05	64
3410	48.05	64
3420	48.05	64
3430	48.05	64
3440	48.26	64
3450	48.26	64
3460	48.26	64
3470	48.26	64
3480	48.26	64
3490	48.26	64
3500	48.26	64
3510	48.35	64
3520	48.35	64
3530	48.35	64
3540	48.35	64
3550	48.35	64
3560	48.41	64
3570	48.41	64
3580	48.41	64
3590	48.41	64
3600	48.41	64
3610	48.41	64
3620	48.41	64
3630	48.41	64
3640	48.43	64
3650	48.43	64
3660	48.48	64
3670	48.48	64
3680	48.48	64
3690	48.48	64
3700	48.48	64
3710	48.48	64
3720	48.48	64
3730	48.58	64
3740	48.58	64
3750	48.58	64
3760	48.67	64
3770	48.67	64
3780	48.67	64
3790	48.67	64
3800	48.67	64
3810	48.67	64
3820	48.67	64
3830	48.67	64
3840	48.67	64
3850	48.67	64
3860	48.67	64
3870	48.67	64
3880	48.76	64
3890	48.78	64
3900	48.78	64
3910	48.78	64
3920	48.78	64
3930	48.78	64
3940	48.78	64
3950	48.87	64
3960	48.87	64
3970	48.87	64
3980	48.87	64
3990	48.87	64
4000	48.87	64
4010	48.87	64
4020	48.87	64
4030	48.87	64
4040	48.87	64
4050	48.87	64
4060	49.05	64
4070	49.05	64
4080	49.05	64
4090	49.05	64
4100	49.09	64
4110	49.09	64
4120	49.09	64
4130	49.09	64
4140	49.34	67
4150	49.34	67
4160	49.47	67
4170	49.47	67
4180	49.47	67
4190	49.47	67
4200	49.5	67
4210	49.56	67
4220	49.56	67
4230	49.56	67
4240	49.56	67
4250	49.56	67
4260	49.68	67
4270	49.68	67
4280	49.78	67
4290	49.78	67
4300	49.78	67
4310	49.78	67
4320	49.78	67
4330	49.81	67
4340	49.81	67
4350	49.92	67
4360	49.94	67
4370	49.94	67
4380	49.98	67
4390	49.98	67
4400	49.98	67
4410	49.98	67
4420	49.98	67
4430	49.98	67
4440	49.98	67
4450	49.98	67
4460	49.99	67
4470	49.99	67
4480	49.99	67
4490	49.99	67
4500	49.99	67
4510	49.99	67
4520	49.99	67
4530	50.0	67
4540	50.0	67
4550	50.0	67
4560	50.0	67
4570	50.0	67
4580	50.0	67
4590	50.0	67
4600	50.07	67
4610	50.07	67
4620	50.07	67
4630	50.07	67
4640	50.15	67
4650	50.15	67
4660	50.15	67
4670	50.15	67
4680	50.15	67
4690	50.15	67
4700	50.17	67
4710	50.17	67
4720	50.17	67
4730	50.17	67
4740	50.39	67
4750	50.39	67
4760	50.39	67
4770	50.39	67
4780	50.39	67
4790	50.39	67
4800	50.39	67
4810	50.39	67
4820	50.52	67
4830	50.64	67
4840	50.64	67
4850	50.64	67
4860	50.64	67
4870	50.64	67
4880	50.64	67
4890	50.64	67
4900	50.64	67
4910	50.64	67
4920	50.64	67
4930	50.64	67
4940	50.64	67
4950	50.64	67
4960	50.64	67
4970	50.72	67
4980	50.72	67
4990	50.72	67
5000	50.72	67
5010	50.72	67
5020	50.72	67
5030	50.72	67
5040	50.76	67
5050	50.76	67
5060	50.76	67
5070	50.76	67
5080	50.76	67
5090	50.76	67
5100	50.76	67
5110	50.81	67
5120	50.81	67
5130	50.89	67
5140	50.89	67
5150	50.89	67
5160	50.89	67
5170	50.89	67
5180	50.89	67
5190	50.89	67
5200	50.89	67
5210	50.89	67
5220	50.98	67
5230	50.98	67
5240	50.98	67
5250	50.98	67
5260	50.98	67
5270	50.98	67
5280	50.98	67
5290	50.99	67
5300	50.99	67
5310	50.99	67
5320	50.99	67
5330	50.99	67
5340	50.99	67
5350	50.99	67
5360	50.99	67
5370	50.99	67
5380	50.99	67
5390	50.99	67
5400	51.03	67
5410	51.03	67
5420	51.03	67
5430	51.03	67
5440	51.03	67
5450	51.03	67
5460	51.03	67
5470	51.11	67
5480	51.11	67
5490	51.11	67
5500	51.11	67
5510	51.11	67
5520	51.11	67
5530	51.11	67
5540	51.11	67
5550	51.11	67
5560	51.18	67
5570	51.18	67
5580	51.18	67
5590	51.18	67
5600	51.18	67
5610	51.18	67
5620	51.18	67
5630	51.18	67
5640	51.18	67
5650	51.18	67
5660	51.19	67
5670	51.19	67
5680	51.19	67
5690	51.19	67
5700	51.19	67
5710	51.19	67
5720	51.19	67
5730	51.19	67
5740	51.19	67
5750	51.2	67
5760	51.2	67
5770	51.28	67
5780	51.28	67
5790	51.28	67
5800	51.28	67
5810	51.28	67
5820	51.28	67
5830	51.28	67
5840	51.28	67
5850	51.28	67
5860	51.28	67
5870	51.28	67
5880	51.28	67
5890	51.32	67
5900	51.32	67
5910	51.32	67
5920	51.32	67
5930	51.32	67
5940	51.32	67
5950	51.32	67
5960	51.38	67
5970	51.38	67
5980	51.38	67
5990	51.39	67
6000	51.39	67
6010	51.39	67
6020	51.39	67
6030	51.39	67
6040	51.39	67
6050	51.41	67
6060	51.41	67
6070	51.41	67
6080	51.41	67
6090	51.45	67
6100	51.46	67
6110	51.46	67
6120	51.46	67
6130	51.47	67
6140	51.47	67
6150	51.47	67
6160	51.47	67
6170	51.47	67
6180	51.47	67
6190	51.52	67
6200	51.52	67
6210	51.52	67
6220	51.52	67
6230	51.52	67
6240	51.52	67
6250	51.52	67
6260	51.52	67
6270	51.52	67
6280	51.52	67
6290	51.52	67
6300	51.52	67
6310	51.52	67
6320	51.52	67
6330	51.52	67
6340	51.52	67
6350	51.52	67
6360	51.52	67
6370	51.52	67
6380	51.52	67
6390	51.52	67
6400	51.52	67
6410	51.52	67
6420	51.52	67
6430	51.52	67
6440	51.61	67
6450	51.61	67
6460	51.61	67
6470	51.61	67
6480	51.61	67
6490	51.61	67
6500	51.61	67
6510	51.61	67
6520	51.61	67
6530	51.61	67
6540	51.74	67
6550	51.74	67
6560	51.74	67
6570	51.74	67
6580	51.74	67
6590	51.74	67
6600	51.76	67
6610	51.76	67
6620	51.77	67
6630	51.77	67
6640	51.82	67
6650	51.82	67
6660	51.82	67
6670	51.82	67
6680	51.82	67
6690	51.82	67
6700	51.89	67
6710	51.89	67
6720	51.89	67
6730	51.89	67
6740	51.89	67
6750	51.89	67
6760	51.89	67
6770	51.89	67
6780	51.89	67
6790	51.89	67
6800	51.89	67
6810	51.89	67
6820	51.89	67
6830	51.89	67
6840	51.89	67
6850	51.89	67
6860	51.89	67
6870	51.89	67
6880	51.89	67
6890	51.95	67
6900	51.95	67
6910	51.95	67
6920	51.95	67
6930	51.95	67
6940	51.95	67
6950	52.11	67
6960	52.11	67
6970	52.11	67
6980	52.11	67
6990	52.24	67
7000	52.24	67
7010	52.35	67
7020	52.4	67
7030	52.4	67
7040	52.4	67
7050	52.4	67
7060	52.4	67
7070	52.4	67
7080	52.4	67
7090	52.4	67
7100	52.4	67
7110	52.4	67
7120	52.4	67
7130	52.4	67
7140	52.4	67
7150	52.47	67
7160	52.47	67
7170	52.47	67
7180	52.47	67
7190	52.48	67
7200	52.48	67
7210	52.48	67
7220	52.48	67
7230	52.48	67
7240	52.66	67
7250	52.66	67
7260	52.66	67
7270	52.66	67
7280	52.66	67
7290	52.66	67
7300	52.66	67
7310	52.66	67
7320	52.67	67
7330	52.67	67
7340	52.67	67
7350	52.67	67
7360	52.67	67
7370	52.67	67
7380	52.67	67
7390	52.67	67
7400	52.74	67
7410	52.74	67
7420	52.74	67
7430	52.78	67
7440	52.78	67
7450	52.78	67
7460	52.78	67
7470	52.82	67
7480	52.82	67
7490	52.82	67
7500	52.88	67
7510	52.88	67
7520	52.88	67
7530	52.88	67
7540	52.88	67
7550	52.88	67
7560	52.88	67
7570	52.88	67
7580	52.88	67
7590	52.88	67
7600	52.88	67
7610	52.88	67
7620	52.88	67
7630	52.88	67
7640	52.88	67
7650	52.88	67
7660	52.88	67
7670	52.88	67
7680	52.88	67
7690	52.88	67
7700	52.88	67
7710	52.88	67
7720	52.88	67
7730	52.88	67
7740	52.88	67
7750	52.88	67
7760	52.88	67
7770	52.88	67
7780	52.88	67
7790	52.88	67
7800	52.88	67
7810	52.88	67
7820	52.88	67
7830	52.9	67
7840	52.9	67
7850	52.98	67
7860	52.98	67
7870	52.98	67
7880	52.98	67
7890	52.98	67
7900	52.98	67
7910	52.98	67
7920	52.98	67
7930	52.98	67
7940	52.98	67
7950	52.98	67
7960	52.98	67
7970	52.98	67
7980	52.98	67
7990	53.01	67
8000	53.01	67
8010	53.01	67
8020	53.01	67
8030	53.01	67
8040	53.01	67
8050	53.01	67
8060	53.01	67
8070	53.06	67
8080	53.16	67
8090	53.16	67
8100	53.16	67
8110	53.16	67
8120	53.28	67
8130	53.28	67
8140	53.28	67
8150	53.28	67
8160	53.28	67
8170	53.28	67
8180	53.28	67
8190	53.28	67
8200	53.28	67
8210	53.28	67
8220	53.28	67
8230	53.28	67
8240	53.28	67
8250	53.28	67
8260	53.28	67
8270	53.28	67
8280	53.28	67
8290	53.28	67
8300	53.35	67
8310	53.35	67
8320	53.35	67
8330	53.4	67
8340	53.4	67
8350	53.4	67
8360	53.4	67
8370	53.4	67
8380	53.4	67
8390	53.4	67
8400	53.4	67
8410	53.4	67
8420	53.4	67
8430	53.4	67
8440	53.41	67
8450	53.41	67
8460	53.41	67
8470	53.41	67
8480	53.41	67
8490	53.54	67
8500	53.54	67
8510	53.58	67
8520	53.59	67
8530	53.59	67
8540	53.59	67
8550	53.59	67
8560	53.59	67
8570	53.59	67
8580	53.59	67
8590	53.59	67
8600	53.6	67
8610	53.6	67
8620	53.6	67
8630	53.6	67
8640	53.6	67
8650	53.6	67
8660	53.6	67
8670	53.6	67
8680	53.6	67
8690	53.6	67
8700	53.6	67
8710	53.6	67
8720	53.6	67
8730	53.6	67
8740	53.6	67
8750	53.64	67
8760	53.71	67
8770	53.71	67
8780	53.71	67
8790	53.71	67
8800	53.71	67
8810	53.71	67
8820	53.71	67
8830	53.71	67
8840	53.71	67
8850	53.71	67
8860	53.71	67
8870	53.71	67
8880	53.71	67
8890	53.71	67
8900	53.71	67
8910	53.71	67
8920	53.71	67
8930	53.71	67
8940	53.71	67
8950	53.71	67
8960	53.71	67
8970	53.71	67
8980	53.71	67
8990	53.71	67
9000	53.71	67
9010	53.74	67
9020	53.74	67
9030	53.74	67
9040	53.74	67
9050	53.74	67
9060	53.74	67
9070	53.74	67
9080	53.79	67
9090	53.79	67
9100	53.82	67
9110	53.82	67
9120	53.82	67
9130	53.82	67
9140	53.82	67
9150	53.82	67
9160	53.82	67
9170	53.82	67
9180	53.82	67
9190	53.82	67
9200	53.82	67
9210	53.82	67
9220	53.82	67
9230	53.82	67
9240	53.93	67
9250	53.93	67
9260	53.93	67
9270	54.1	67
9280	54.1	67
9290	54.1	67
9300	54.1	67
9310	54.1	67
9320	54.1	67
9330	54.1	67
9340	54.1	67
9350	54.1	67
9360	54.15	67
9370	54.15	67
9380	54.15	67
9390	54.15	67
9400	54.15	67
9410	54.18	67
9420	54.18	67
9430	54.18	67
9440	54.18	67
9450	54.18	67
9460	54.18	67
9470	54.18	67
9480	54.18	67
9490	54.18	67
9500	54.18	67
9510	54.18	67
9520	54.18	67
9530	54.18	67
9540	54.18	67
9550	54.23	67
9560	54.23	67
9570	54.23	67
9580	54.23	67
9590	54.23	67
9600	54.23	67
9610	54.23	67
9620	54.23	67
9630	54.23	67
9640	54.23	67
9650	54.32	67
9660	54.32	67
9670	54.32	67
9680	54.32	67
9690	54.32	67
9700	54.32	67
9710	54.32	67
9720	54.32	67
9730	54.32	67
9740	54.32	67
9750	54.32	67
9760	54.32	67
9770	54.32	67
9780	54.32	67
9790	54.32	67
9800	54.32	67
9810	54.32	67
9820	54.32	67
9830	54.32	67
9840	54.32	67
9850	54.32	67
9860	54.32	67
9870	54.32	67
9880	54.32	67
9890	54.32	67
9900	54.32	67
9910	54.32	67
9920	54.32	67
9930	54.32	67
9940	54.32	67
9950	54.32	67
9960	54.32	67
9970	54.32	67
9980	54.32	67
9990	54.32	67
10000	54.4	67
