100	8.34	64
110	8.8	64
120	9.41	64
130	10.45	64
140	11.07	64
150	11.89	64
160	13.0	64
170	13.39	64
180	13.66	64
190	13.9	64
200	14.34	64
210	15.22	64
220	15.56	64
230	16.19	64
240	16.36	64
250	17.76	64
260	18.19	64
270	19.31	64
280	19.38	64
290	19.76	64
300	20.34	64
310	21.2	64
320	22.89	64
330	23.84	64
340	24.31	64
350	25.25	64
360	25.93	64
370	26.55	64
380	26.74	64
390	27.38	64
400	28.04	64
410	29.04	64
420	29.62	64
430	30.83	64
440	31.3	64
450	31.79	64
460	31.84	64
470	31.88	64
480	32.23	64
490	32.56	64
500	32.56	64
510	32.88	64
520	32.88	64
530	32.88	64
540	33.13	64
550	33.69	64
560	33.73	64
570	33.73	64
580	33.9	64
590	34.05	64
600	34.4	64
610	34.52	64
620	34.69	64
630	34.69	64
640	35.09	64
650	35.16	64
660	35.51	64
670	35.97	64
680	36.16	64
690	36.2	64
700	36.2	64
710	36.2	64
720	36.2	64
730	36.45	64
740	36.92	64
750	36.93	64
760	37.11	64
770	37.32	64
780	37.56	64
790	37.63	64
800	37.63	64
810	37.9	64
820	37.99	64
830	38.2	64
840	38.21	64
850	38.95	64
860	39.07	64
870	39.27	64
880	39.27	64
890	39.29	64
900	39.29	64
910	39.41	64
920	39.41	64
930	39.64	64
940	39.64	64
950	39.69	64
960	40.43	64
970	40.43	64
980	40.63	64
990	40.63	64
1000	40.63	64
1010	40.66	64
1020	40.66	64
1030	40.7	64
1040	40.91	64
1050	40.91	64
1060	40.91	64
1070	40.91	64
1080	40.91	64
1090	40.91	64
1100	41.08	64
1110	41.58	64
1120	41.58	64
1130	41.58	64
1140	41.7	64
1150	41.7	64
1160	41.85	64
1170	41.88	64
1180	42.08	64
1190	42.18	64
1200	42.46	64
1210	42.72	64
1220	42.72	64
1230	42.72	64
1240	42.72	64
1250	42.75	64
1260	42.87	64
1270	43.25	64
1280	43.42	64
1290	43.51	64
1300	43.54	64
1310	43.88	64
1320	43.88	64
1330	43.98	64
1340	43.98	64
1350	44.07	64
1360	44.07	64
1370	44.08	64
1380	44.08	64
1390	44.17	64
1400	44.36	64
1410	44.62	64
1420	44.62	64
1430	44.62	64
1440	44.62	64
1450	44.62	64
1460	45.01	64
1470	45.01	64
1480	45.01	64
1490	45.22	64
1500	45.24	64
1510	45.36	64
1520	45.68	67
1530	45.94	67
1540	46.19	67
1550	46.19	67
1560	46.31	67
1570	46.36	67
1580	46.66	67
1590	46.66	67
1600	46.66	67
1610	46.66	67
1620	46.66	67
1630	46.72	67
1640	46.8	67
1650	46.8	67
1660	46.8	67
1670	46.8	67
1680	46.8	67
1690	46.95	67
1700	47.15	67
1710	47.15	67
1720	47.32	67
1730	47.36	67
1740	47.36	67
1750	47.38	67
1760	47.43	67
1770	47.43	67
1780	47.82	67
1790	47.82	67
1800	47.92	67
1810	47.95	67
1820	47.95	67
1830	47.95	67
1840	48.24	67
1850	48.24	67
1860	48.43	67
1870	48.47	67
1880	48.47	67
1890	48.47	67
1900	48.47	67
1910	48.55	67
1920	48.57	67
1930	48.57	67
1940	48.57	67
1950	48.6	67
1960	48.6	67
1970	48.7	67
1980	48.73	67
1990	48.83	67
2000	48.83	67
2010	48.83	67
2020	48.83	67
2030	48.83	67
2040	48.94	67
2050	48.94	67
2060	48.94	67
2070	48.94	67
2080	48.94	67
2090	48.94	67
2100	48.94	67
2110	48.94	67
2120	48.94	67
2130	48.94	67
2140	48.94	67
2150	48.94	67
2160	49.02	67
2170	49.02	67
2180	49.02	67
2190	49.18	67
2200	49.18	67
2210	49.36	67
2220	49.36	67
2230	49.36	67
2240	49.36	67
2250	49.58	67
2260	49.58	67
2270	49.58	67
2280	49.61	67
2290	49.61	67
2300	49.61	67
2310	49.61	67
2320	49.61	67
2330	49.61	67
2340	49.65	67
2350	49.65	67
2360	49.65	67
2370	49.69	67
2380	49.69	67
2390	49.69	67
2400	49.69	67
2410	49.69	67
2420	49.69	67
2430	49.69	67
2440	49.75	67
2450	49.75	67
2460	49.77	67
2470	49.77	67
2480	49.81	67
2490	49.81	67
2500	49.84	67
2510	49.84	67
2520	49.91	67
2530	49.91	67
2540	49.91	67
2550	50.18	67
2560	50.18	67
2570	50.27	67
2580	50.27	67
2590	50.38	67
2600	50.38	67
2610	50.38	67
2620	50.38	67
2630	50.38	67
2640	50.38	67
2650	50.38	67
2660	50.38	67
2670	50.38	67
2680	50.52	67
2690	50.65	67
2700	50.65	67
2710	50.65	67
2720	50.65	67
2730	50.65	67
2740	50.67	67
2750	50.67	67
2760	50.69	67
2770	50.69	67
2780	50.74	67
2790	50.76	67
2800	50.76	67
2810	50.76	67
2820	50.84	67
2830	50.85	67
2840	50.85	67
2850	50.89	67
2860	50.89	67
2870	51.02	67
2880	51.02	67
2890	51.02	67
2900	51.02	67
2910	51.02	67
2920	51.12	67
2930	51.12	67
2940	51.12	67
2950	51.12	67
2960	51.12	67
2970	51.12	67
2980	51.12	67
2990	51.12	67
3000	51.24	67
3010	51.34	67
3020	51.34	67
3030	51.34	67
3040	51.34	67
3050	51.34	67
3060	51.38	67
3070	51.38	67
3080	51.47	67
3090	51.53	67
3100	51.53	67
3110	51.53	67
3120	51.53	67
3130	51.58	67
3140	51.58	67
3150	51.58	67
3160	51.58	67
3170	51.58	67
3180	51.58	67
3190	51.58	67
3200	51.62	67
3210	51.62	67
3220	51.62	67
3230	51.62	67
3240	51.62	67
3250	51.67	67
3260	51.67	67
3270	51.67	67
3280	51.67	67
3290	51.67	67
3300	51.67	67
3310	51.67	67
3320	51.67	67
3330	51.68	67
3340	51.71	67
3350	51.71	67
3360	51.71	67
3370	51.71	67
3380	51.71	67
3390	51.71	67
3400	51.71	67
3410	51.71	67
3420	51.71	67
3430	51.71	67
3440	51.71	67
3450	51.71	67
3460	51.71	67
3470	51.71	67
3480	51.71	67
3490	51.71	67
3500	51.71	67
3510	51.71	67
3520	51.71	67
3530	51.71	67
3540	51.71	67
3550	51.71	67
3560	51.71	67
3570	51.71	67
3580	51.77	67
3590	51.77	67
3600	51.77	67
3610	51.77	67
3620	51.77	67
3630	51.92	67
3640	51.92	67
3650	51.92	67
3660	51.92	67
3670	51.92	67
3680	51.92	67
3690	51.92	67
3700	51.92	67
3710	51.92	67
3720	51.92	67
3730	51.92	67
3740	51.92	67
3750	51.92	67
3760	51.92	67
3770	51.92	67
3780	51.92	67
3790	51.92	67
3800	52.01	67
3810	52.11	67
3820	52.11	67
3830	52.11	67
3840	52.11	67
3850	52.11	67
3860	52.11	67
3870	52.11	67
3880	52.11	67
3890	52.11	67
3900	52.12	67
3910	52.12	67
3920	52.12	67
3930	52.19	67
3940	52.24	67
3950	52.24	67
3960	52.24	67
3970	52.24	67
3980	52.3	67
3990	52.3	67
4000	52.3	67
4010	52.3	67
4020	52.3	67
4030	52.3	67
4040	52.3	67
4050	52.3	67
4060	52.53	67
4070	52.53	67
4080	52.53	67
4090	52.53	67
4100	52.53	67
4110	52.53	67
4120	52.53	67
4130	52.53	67
4140	52.53	67
4150	52.53	67
4160	52.53	67
4170	52.53	67
4180	52.53	67
4190	52.53	67
4200	52.53	67
4210	52.69	67
4220	52.69	67
4230	52.69	67
4240	52.69	67
4250	52.69	67
4260	52.81	67
4270	52.81	67
4280	52.81	67
4290	52.81	67
4300	52.81	67
4310	52.89	67
4320	52.89	67
4330	52.89	67
4340	52.92	67
4350	52.92	67
4360	52.92	67
4370	52.92	67
4380	52.92	67
4390	52.92	67
4400	52.92	67
4410	52.92	67
4420	52.92	67
4430	52.92	67
4440	52.92	67
4450	52.92	67
4460	53.06	67
4470	53.06	67
4480	53.06	67
4490	53.06	67
4500	53.06	67
4510	53.06	67
4520	53.06	67
4530	53.09	67
4540	53.09	67
4550	53.09	67
4560	53.09	67
4570	53.09	67
4580	53.09	67
4590	53.09	67
4600	53.09	67
4610	53.09	67
4620	53.09	67
4630	53.29	67
4640	53.29	67
4650	53.29	67
4660	53.4	67
4670	53.4	67
4680	53.4	67
4690	53.4	67
4700	53.4	67
4710	53.47	67
4720	53.47	67
4730	53.5	67
4740	53.5	67
4750	53.5	67
4760	53.5	67
4770	53.5	67
4780	53.5	67
4790	53.5	67
4800	53.5	67
4810	53.59	67
4820	53.59	67
4830	53.59	67
4840	53.59	67
4850	53.59	67
4860	53.72	67
4870	53.72	67
4880	53.79	67
4890	53.79	67
4900	53.79	67
4910	53.79	67
4920	53.79	67
4930	53.79	67
4940	53.79	67
4950	53.82	67
4960	53.82	67
4970	53.82	67
4980	53.86	67
4990	53.86	67
5000	53.86	67
5010	53.87	67
5020	53.87	67
5030	53.87	67
5040	53.87	67
5050	53.87	67
5060	53.87	67
5070	53.87	67
5080	53.87	67
5090	53.87	67
5100	53.87	67
5110	53.87	67
5120	53.87	67
5130	53.87	67
5140	53.87	67
5150	53.94	67
5160	53.94	67
5170	53.94	67
5180	53.94	67
5190	54.06	67
5200	54.06	67
5210	54.06	67
5220	54.15	67
5230	54.15	67
5240	54.15	67
5250	54.15	67
5260	54.15	67
5270	54.36	69
5280	54.36	69
5290	54.36	69
5300	54.36	69
5310	54.36	69
5320	54.37	69
5330	54.37	69
5340	54.37	69
5350	54.37	69
5360	54.37	69
5370	54.37	69
5380	54.37	69
5390	54.37	69
5400	54.37	69
5410	54.37	69
5420	54.37	69
5430	54.37	69
5440	54.37	69
5450	54.48	69
5460	54.48	69
5470	54.48	69
5480	54.48	69
5490	54.48	69
5500	54.48	69
5510	54.48	69
5520	54.48	69
5530	54.48	69
5540	54.48	69
5550	54.48	69
5560	54.48	69
5570	54.48	69
5580	54.48	69
5590	54.48	69
5600	54.48	69
5610	54.48	69
5620	54.48	69
5630	54.48	69
5640	54.48	69
5650	54.48	69
5660	54.48	69
5670	54.48	69
5680	54.48	69
5690	54.48	69
5700	54.48	69
5710	54.48	69
5720	54.55	69
5730	54.55	69
5740	54.55	69
5750	54.55	69
5760	54.55	69
5770	54.56	69
5780	54.56	69
5790	54.56	69
5800	54.56	69
5810	54.56	69
5820	54.56	69
5830	54.56	69
5840	54.56	69
5850	54.61	69
5860	54.73	69
5870	54.73	69
5880	54.73	69
5890	54.73	69
5900	54.73	69
5910	54.74	69
5920	54.74	69
5930	54.74	69
5940	54.74	69
5950	54.74	69
5960	54.74	69
5970	54.74	69
5980	54.74	69
5990	54.74	69
6000	54.74	69
6010	54.74	69
6020	54.74	69
6030	54.75	69
6040	54.75	69
6050	54.75	69
6060	54.75	69
6070	54.75	69
6080	54.75	69
6090	54.75	69
6100	54.75	69
6110	54.75	69
6120	54.75	69
6130	54.75	69
6140	54.75	69
6150	54.75	69
6160	54.75	69
6170	54.75	69
6180	54.75	69
6190	54.75	69
6200	54.79	69
6210	54.79	69
6220	54.79	69
6230	54.79	69
6240	54.79	69
6250	54.79	69
6260	54.82	69
6270	54.89	69
6280	54.89	69
6290	54.89	69
6300	54.89	69
6310	54.89	69
6320	54.89	69
6330	54.89	69
6340	54.89	69
6350	54.89	69
6360	54.89	69
6370	54.94	69
6380	54.94	69
6390	54.94	69
6400	54.94	69
6410	55.01	69
6420	55.01	69
6430	55.01	69
6440	55.01	69
6450	55.01	69
6460	55.01	69
6470	55.01	69
6480	55.01	69
6490	55.01	69
6500	55.06	69
6510	55.06	69
6520	55.06	69
6530	55.06	69
6540	55.06	69
6550	55.06	69
6560	55.07	69
6570	55.07	69
6580	55.07	69
6590	55.07	69
6600	55.11	69
6610	55.11	69
6620	55.11	69
6630	55.11	69
6640	55.11	69
6650	55.11	69
6660	55.11	69
6670	55.11	69
6680	55.11	69
6690	55.11	69
6700	55.11	69
6710	55.11	69
6720	55.11	69
6730	55.28	69
6740	55.28	69
6750	55.28	69
6760	55.28	69
6770	55.28	69
6780	55.28	69
6790	55.28	69
6800	55.28	69
6810	55.28	69
6820	55.28	69
6830	55.28	69
6840	55.28	69
6850	55.28	69
6860	55.28	69
6870	55.42	69
6880	55.42	69
6890	55.42	69
6900	55.42	69
6910	55.42	69
6920	55.42	69
6930	55.48	69
6940	55.48	69
6950	55.48	69
6960	55.48	69
6970	55.48	69
6980	55.48	69
6990	55.48	69
7000	55.48	69
7010	55.48	69
7020	55.48	69
7030	55.62	69
7040	55.62	69
7050	55.62	69
7060	55.62	69
7070	55.62	69
7080	55.62	69
7090	55.62	69
7100	55.62	69
7110	55.62	69
7120	55.62	69
7130	55.62	69
7140	55.62	69
7150	55.62	69
7160	55.62	69
7170	55.62	69
7180	55.62	69
7190	55.62	69
7200	55.62	69
7210	55.62	69
7220	55.62	69
7230	55.62	69
7240	55.62	69
7250	55.62	69
7260	55.62	69
7270	55.62	69
7280	55.62	69
7290	55.62	69
7300	55.62	69
7310	55.62	69
7320	55.62	69
7330	55.62	69
7340	55.62	69
7350	55.62	69
7360	55.62	69
7370	55.62	69
7380	55.62	69
7390	55.62	69
7400	55.62	69
7410	55.62	69
7420	55.62	69
7430	55.62	69
7440	55.62	69
7450	55.62	69
7460	55.62	69
7470	55.62	69
7480	55.63	69
7490	55.76	69
7500	55.76	69
7510	55.76	69
7520	55.76	69
7530	55.76	69
7540	55.76	69
7550	55.76	69
7560	55.76	69
7570	55.76	69
7580	55.78	69
7590	55.78	69
7600	55.78	69
7610	55.78	69
7620	55.78	69
7630	55.78	69
7640	55.78	69
7650	55.78	69
7660	55.78	69
7670	55.78	69
7680	55.78	69
7690	55.78	69
7700	55.78	69
7710	55.78	69
7720	55.78	69
7730	55.78	69
7740	55.78	69
7750	55.83	69
7760	55.83	69
7770	55.88	69
7780	55.88	69
7790	55.88	69
7800	55.88	69
7810	55.88	69
7820	55.88	69
7830	55.88	69
7840	55.88	69
7850	55.88	69
7860	55.88	69
7870	55.97	69
7880	55.97	69
7890	55.97	69
7900	55.97	69
7910	55.97	69
7920	55.97	69
7930	56.17	70
7940	56.17	70
7950	56.17	70
7960	56.17	70
7970	56.17	70
7980	56.17	70
7990	56.17	70
8000	56.17	70
8010	56.17	70
8020	56.17	70
8030	56.17	70
8040	56.17	70
8050	56.17	70
8060	56.17	70
8070	56.17	70
8080	56.17	70
8090	56.17	70
8100	56.17	70
8110	56.17	70
8120	56.17	70
8130	56.17	70
8140	56.17	70
8150	56.17	70
8160	56.17	70
8170	56.17	70
8180	56.17	70
8190	56.17	70
8200	56.17	70
8210	56.17	70
8220	56.17	70
8230	56.3	70
8240	56.3	70
8250	56.33	70
8260	56.33	70
8270	56.35	70
8280	56.35	70
8290	56.35	70
8300	56.35	70
8310	56.35	70
8320	56.35	70
8330	56.35	70
8340	56.35	70
8350	56.35	70
8360	56.48	70
8370	56.48	70
8380	56.48	70
8390	56.53	70
8400	56.53	70
8410	56.53	70
8420	56.53	70
8430	56.53	70
8440	56.53	70
8450	56.53	70
8460	56.53	70
8470	56.53	70
8480	56.58	70
8490	56.58	70
8500	56.58	70
8510	56.58	70
8520	56.58	70
8530	56.66	70
8540	56.66	70
8550	56.69	70
8560	56.69	70
8570	56.7	70
8580	56.76	70
8590	56.78	70
8600	56.78	70
8610	56.78	70
8620	56.78	70
8630	56.78	70
8640	56.78	70
8650	56.78	70
8660	56.78	70
8670	56.78	70
8680	56.78	70
8690	56.78	70
8700	56.81	70
8710	56.81	70
8720	56.81	70
8730	56.81	70
8740	56.81	70
8750	56.81	70
8760	56.81	70
8770	56.81	70
8780	56.81	70
8790	56.81	70
8800	56.85	70
8810	56.85	70
8820	56.85	70
8830	56.85	70
8840	56.85	70
8850	56.85	70
8860	56.85	70
8870	56.85	70
8880	56.85	70
8890	56.85	70
8900	56.85	70
8910	56.85	70
8920	56.85	70
8930	56.85	70
8940	56.85	70
8950	56.85	70
8960	56.85	70
8970	56.85	70
8980	56.85	70
8990	56.85	70
9000	56.85	70
9010	56.85	70
9020	56.85	70
9030	56.85	70
9040	56.85	70
9050	56.85	70
9060	56.85	70
9070	56.85	70
9080	56.85	70
9090	56.85	70
9100	56.85	70
9110	56.85	70
9120	56.85	70
9130	56.85	70
9140	56.85	70
9150	56.85	70
9160	56.85	70
9170	56.85	70
9180	56.85	70
9190	56.85	70
9200	56.85	70
9210	56.85	70
9220	56.85	70
9230	56.85	70
9240	56.85	70
9250	56.85	70
9260	56.85	70
9270	56.85	70
9280	56.85	70
9290	56.85	70
9300	56.85	70
9310	56.85	70
9320	56.85	70
9330	56.85	70
9340	56.85	70
9350	56.85	70
9360	56.85	70
9370	56.86	70
9380	56.86	70
9390	56.86	70
9400	56.86	70
9410	56.86	70
9420	56.86	70
9430	57.0	70
9440	57.0	70
9450	57.0	70
9460	57.0	70
9470	57.0	70
9480	57.0	70
9490	57.0	70
9500	57.0	70
9510	57.0	70
9520	57.0	70
9530	57.01	70
9540	57.01	70
9550	57.01	70
9560	57.01	70
9570	57.01	70
9580	57.01	70
9590	57.01	70
9600	57.01	70
9610	57.01	70
9620	57.01	70
9630	57.01	70
9640	57.01	70
9650	57.01	70
9660	57.01	70
9670	57.01	70
9680	57.01	70
9690	57.01	70
9700	57.01	70
9710	57.01	70
9720	57.01	70
9730	57.01	70
9740	57.01	70
9750	57.01	70
9760	57.01	70
9770	57.01	70
9780	57.01	70
9790	57.01	70
9800	57.01	70
9810	57.01	70
9820	57.01	70
9830	57.01	70
9840	57.05	70
9850	57.07	70
9860	57.07	70
9870	57.07	70
9880	57.07	70
9890	57.09	70
9900	57.1	70
9910	57.1	70
9920	57.23	70
9930	57.23	70
9940	57.23	70
9950	57.29	70
9960	57.29	70
9970	57.29	70
9980	57.29	70
9990	57.29	70
10000	57.29	70
