100	5.83	43
110	6.86	52
120	7.94	52
130	8.97	52
140	9.61	52
150	9.72	52
160	10.16	52
170	10.35	52
180	10.63	52
190	11.33	52
200	12.23	52
210	13.15	52
220	13.54	52
230	14.39	52
240	15.16	52
250	15.16	52
260	15.85	52
270	16.4	52
280	17.41	52
290	18.61	52
300	19.08	52
310	19.94	52
320	19.99	52
330	20.38	52
340	21.02	52
350	21.05	52
360	22.16	52
370	22.75	52
380	23.02	52
390	23.63	52
400	24.05	52
410	24.6	52
420	24.77	52
430	24.79	52
440	25.2	52
450	25.37	52
460	25.53	52
470	26.09	52
480	26.55	52
490	26.78	52
500	27.22	52
510	27.62	52
520	27.98	52
530	28.13	52
540	28.21	52
550	29.04	52
560	29.77	52
570	29.77	52
580	30.1	52
590	30.46	52
600	30.7	52
610	30.87	52
620	31.09	52
630	31.51	52
640	31.69	52
650	31.69	52
660	31.69	52
670	31.73	52
680	31.95	52
690	32.24	52
700	32.49	52
710	32.53	52
720	32.55	52
730	32.87	54
740	33.29	54
750	33.34	54
760	33.54	54
770	33.54	54
780	33.63	54
790	33.74	54
800	34.36	56
810	34.36	56
820	34.52	56
830	34.64	56
840	34.77	56
850	34.99	56
860	35.31	56
870	35.31	56
880	35.31	56
890	35.39	56
900	35.39	56
910	36.03	57
920	36.72	57
930	36.72	57
940	36.95	57
950	36.99	57
960	36.99	57
970	36.99	57
980	37.03	57
990	37.31	57
1000	37.49	57
1010	37.57	57
1020	37.59	57
1030	37.6	57
1040	37.68	57
1050	37.68	57
1060	37.81	57
1070	37.81	57
1080	38.21	57
1090	38.21	57
1100	38.26	57
1110	38.26	57
1120	38.55	57
1130	38.64	57
1140	38.64	57
1150	38.64	57
1160	38.64	57
1170	38.78	57
1180	38.78	57
1190	38.78	57
1200	38.78	57
1210	38.87	57
1220	38.88	57
1230	38.88	57
1240	38.88	57
1250	39.16	59
1260	39.17	59
1270	39.17	59
1280	39.17	59
1290	39.3	59
1300	39.3	59
1310	39.3	59
1320	39.5	59
1330	39.53	59
1340	39.53	59
1350	39.53	59
1360	39.53	59
1370	39.53	59
1380	39.53	59
1390	39.53	59
1400	39.53	59
1410	39.53	59
1420	39.84	62
1430	39.97	62
1440	39.97	62
1450	40.1	62
1460	40.1	62
1470	40.1	62
1480	40.1	62
1490	40.12	62
1500	40.12	62
1510	40.12	62
1520	40.12	62
1530	40.25	62
1540	40.25	62
1550	40.27	62
1560	40.33	62
1570	40.49	62
1580	40.55	62
1590	40.55	62
1600	40.55	62
1610	40.56	62
1620	40.56	62
1630	40.56	62
1640	40.56	62
1650	40.68	62
1660	40.91	62
1670	41.08	62
1680	41.1	62
1690	41.3	62
1700	41.4	62
1710	41.52	62
1720	41.52	62
1730	41.53	62
1740	41.57	62
1750	41.64	62
1760	41.73	62
1770	41.73	62
1780	41.73	62
1790	41.73	62
1800	41.73	62
1810	41.73	62
1820	41.89	62
1830	42.0	62
1840	42.0	62
1850	42.01	62
1860	42.01	62
1870	42.15	62
1880	42.15	62
1890	42.15	62
1900	42.15	62
1910	42.15	62
1920	42.15	62
1930	42.15	62
1940	42.22	62
1950	42.22	62
1960	42.22	62
1970	42.27	62
1980	42.27	62
1990	42.27	62
2000	42.27	62
2010	42.27	62
2020	42.27	62
2030	42.27	62
2040	42.27	62
2050	42.27	62
2060	42.29	62
2070	42.29	62
2080	42.29	62
2090	42.29	62
2100	42.29	62
2110	42.29	62
2120	42.29	62
2130	42.38	62
2140	42.41	62
2150	42.41	62
2160	42.49	62
2170	42.49	62
2180	42.49	62
2190	42.49	62
2200	42.49	62
2210	42.49	62
2220	42.49	62
2230	42.49	62
2240	42.52	62
2250	42.59	62
2260	42.59	62
2270	42.59	62
2280	42.59	62
2290	42.59	62
2300	42.75	62
2310	42.75	62
2320	42.78	62
2330	42.78	62
2340	42.78	62
2350	42.78	62
2360	42.78	62
2370	42.87	62
2380	42.87	62
2390	42.92	62
2400	42.92	62
2410	42.92	62
2420	42.92	62
2430	42.92	62
2440	42.92	62
2450	43.02	62
2460	43.21	62
2470	43.28	62
2480	43.35	62
2490	43.37	62
2500	43.37	62
2510	43.49	62
2520	43.49	62
2530	43.49	62
2540	43.49	62
2550	43.74	62
2560	43.77	62
2570	43.77	62
2580	43.77	62
2590	43.9	62
2600	43.9	62
2610	43.9	62
2620	43.92	62
2630	44.07	62
2640	44.07	62
2650	44.2	62
2660	44.2	62
2670	44.2	62
2680	44.2	62
2690	44.2	62
2700	44.26	62
2710	44.55	62
2720	44.55	62
2730	44.63	62
2740	44.63	62
2750	44.63	62
2760	44.83	62
2770	44.83	62
2780	44.83	62
2790	44.83	62
2800	45.13	68
2810	45.13	68
2820	45.13	68
2830	45.13	68
2840	45.23	68
2850	45.29	68
2860	45.29	68
2870	45.29	68
2880	45.29	68
2890	45.29	68
2900	45.29	68
2910	45.29	68
2920	45.29	68
2930	45.29	68
2940	45.29	68
2950	45.29	68
2960	45.29	68
2970	45.29	68
2980	45.29	68
2990	45.29	68
3000	45.29	68
3010	45.29	68
3020	45.29	68
3030	45.29	68
3040	45.29	68
3050	45.29	68
3060	45.29	68
3070	45.3	68
3080	45.3	68
3090	45.38	68
3100	45.38	68
3110	45.38	68
3120	45.38	68
3130	45.38	68
3140	45.39	68
3150	45.58	68
3160	45.63	68
3170	45.63	68
3180	45.63	68
3190	45.63	68
3200	45.78	68
3210	45.78	68
3220	45.84	68
3230	45.84	68
3240	45.84	68
3250	45.84	68
3260	45.99	68
3270	46.03	68
3280	46.03	68
3290	46.03	68
3300	46.16	68
3310	46.16	68
3320	46.16	68
3330	46.16	68
3340	46.16	68
3350	46.16	68
3360	46.16	68
3370	46.33	68
3380	46.42	68
3390	46.42	68
3400	46.42	68
3410	46.42	68
3420	46.42	68
3430	46.42	68
3440	46.42	68
3450	46.42	68
3460	46.42	68
3470	46.42	68
3480	46.46	68
3490	46.46	68
3500	46.46	68
3510	46.46	68
3520	46.46	68
3530	46.46	68
3540	46.46	68
3550	46.46	68
3560	46.46	68
3570	46.46	68
3580	46.46	68
3590	46.51	68
3600	46.56	68
3610	46.66	68
3620	46.66	68
3630	46.66	68
3640	46.66	68
3650	46.66	68
3660	46.66	68
3670	46.66	68
3680	46.66	68
3690	46.66	68
3700	46.66	68
3710	46.66	68
3720	46.66	68
3730	46.66	68
3740	46.73	68
3750	46.73	68
3760	46.75	68
3770	46.75	68
3780	46.75	68
3790	46.75	68
3800	46.8	68
3810	46.85	68
3820	46.85	68
3830	46.85	68
3840	46.85	68
3850	46.85	68
3860	46.85	68
3870	46.86	68
3880	46.86	68
3890	46.86	68
3900	46.98	68
3910	46.98	68
3920	47.04	68
3930	47.04	68
3940	47.04	68
3950	47.04	68
3960	47.04	68
3970	47.11	68
3980	47.16	68
3990	47.16	68
4000	47.16	68
4010	47.16	68
4020	47.16	68
4030	47.16	68
4040	47.25	68
4050	47.25	68
4060	47.25	68
4070	47.25	68
4080	47.25	68
4090	47.25	68
4100	47.31	68
4110	47.31	68
4120	47.31	68
4130	47.31	68
4140	47.31	68
4150	47.31	68
4160	47.33	68
4170	47.33	68
4180	47.45	68
4190	47.45	68
4200	47.45	68
4210	47.45	68
4220	47.45	68
4230	47.45	68
4240	47.45	68
4250	47.45	68
4260	47.45	68
4270	47.45	68
4280	47.45	68
4290	47.45	68
4300	47.69	68
4310	47.69	68
4320	47.69	68
4330	47.69	68
4340	47.69	68
4350	47.69	68
4360	47.69	68
4370	47.69	68
4380	47.69	68
4390	47.69	68
4400	47.69	68
4410	47.69	68
4420	47.69	68
4430	47.69	68
4440	47.69	68
4450	47.76	68
4460	47.78	68
4470	47.78	68
4480	47.78	68
4490	47.78	68
4500	47.78	68
4510	47.78	68
4520	47.78	68
4530	47.78	68
4540	47.78	68
4550	47.78	68
4560	47.78	68
4570	47.78	68
4580	47.78	68
4590	47.79	68
4600	47.79	68
4610	47.79	68
4620	47.79	68
4630	47.8	68
4640	47.8	68
4650	47.8	68
4660	48.12	68
4670	48.12	68
4680	48.12	68
4690	48.12	68
4700	48.12	68
4710	48.12	68
4720	48.12	68
4730	48.12	68
4740	48.12	68
4750	48.35	68
4760	48.37	68
4770	48.38	68
4780	48.38	68
4790	48.41	68
4800	48.41	68
4810	48.41	68
4820	48.41	68
4830	48.41	68
4840	48.42	68
4850	48.55	68
4860	48.55	68
4870	48.55	68
4880	48.55	68
4890	48.65	68
4900	48.65	68
4910	48.65	68
4920	48.65	68
4930	48.65	68
4940	48.66	68
4950	48.66	68
4960	48.66	68
4970	48.66	68
4980	48.66	68
4990	48.66	68
5000	48.66	68
5010	48.66	68
5020	48.66	68
5030	48.66	68
5040	48.66	68
5050	48.79	68
5060	48.79	68
5070	48.79	68
5080	48.79	68
5090	48.79	68
5100	48.79	68
5110	48.79	68
5120	48.79	68
5130	48.79	68
5140	48.88	68
5150	48.88	68
5160	48.92	68
5170	49.05	68
5180	49.05	68
5190	49.05	68
5200	49.05	68
5210	49.05	68
5220	49.05	68
5230	49.05	68
5240	49.05	68
5250	49.05	68
5260	49.07	68
5270	49.07	68
5280	49.07	68
5290	49.07	68
5300	49.07	68
5310	49.07	68
5320	49.07	68
5330	49.09	68
5340	49.09	68
5350	49.18	68
5360	49.18	68
5370	49.18	68
5380	49.18	68
5390	49.19	68
5400	49.19	68
5410	49.19	68
5420	49.19	68
5430	49.19	68
5440	49.3	68
5450	49.3	68
5460	49.31	68
5470	49.31	68
5480	49.31	68
5490	49.31	68
5500	49.31	68
5510	49.31	68
5520	49.31	68
5530	49.31	68
5540	49.31	68
5550	49.31	68
5560	49.31	68
5570	49.31	68
5580	49.31	68
5590	49.31	68
5600	49.31	68
5610	49.31	68
5620	49.31	68
5630	49.31	68
5640	49.31	68
5650	49.31	68
5660	49.31	68
5670	49.41	68
5680	49.5	68
5690	49.5	68
5700	49.59	68
5710	49.59	68
5720	49.59	68
5730	49.59	68
5740	49.59	68
5750	49.59	68
5760	49.59	68
5770	49.59	68
5780	49.59	68
5790	49.59	68
5800	49.59	68
5810	49.59	68
5820	49.59	68
5830	49.59	68
5840	49.59	68
5850	49.59	68
5860	49.59	68
5870	49.59	68
5880	49.59	68
5890	49.59	68
5900	49.59	68
5910	49.65	68
5920	49.65	68
5930	49.65	68
5940	49.65	68
5950	49.65	68
5960	49.65	68
5970	49.65	68
5980	49.65	68
5990	49.65	68
6000	49.65	68
6010	49.65	68
6020	49.65	68
6030	49.65	68
6040	49.65	68
6050	49.65	68
6060	49.65	68
6070	49.65	68
6080	49.65	68
6090	49.65	68
6100	49.65	68
6110	49.65	68
6120	49.65	68
6130	49.67	68
6140	49.82	68
6150	49.83	68
6160	49.83	68
6170	49.83	68
6180	49.83	68
6190	49.83	68
6200	49.83	68
6210	49.83	68
6220	49.86	68
6230	49.86	68
6240	49.86	68
6250	49.86	68
6260	49.86	68
6270	49.86	68
6280	49.86	68
6290	49.86	68
6300	49.86	68
6310	49.86	68
6320	49.86	68
6330	49.86	68
6340	49.86	68
6350	49.95	68
6360	49.95	68
6370	49.95	68
6380	49.95	68
6390	49.95	68
6400	49.95	68
6410	49.95	68
6420	49.95	68
6430	49.95	68
6440	49.95	68
6450	49.95	68
6460	49.95	68
6470	49.95	68
6480	49.95	68
6490	49.95	68
6500	49.95	68
6510	50.08	68
6520	50.08	68
6530	50.08	68
6540	50.08	68
6550	50.08	68
6560	50.08	68
6570	50.08	68
6580	50.08	68
6590	50.08	68
6600	50.18	68
6610	50.18	68
6620	50.18	68
6630	50.18	68
6640	50.18	68
6650	50.24	68
6660	50.24	68
6670	50.24	68
6680	50.24	68
6690	50.24	68
6700	50.24	68
6710	50.24	68
6720	50.24	68
6730	50.24	68
6740	50.24	68
6750	50.24	68
6760	50.24	68
6770	50.24	68
6780	50.24	68
6790	50.24	68
6800	50.24	68
6810	50.26	68
6820	50.26	68
6830	50.26	68
6840	50.26	68
6850	50.26	68
6860	50.26	68
6870	50.26	68
6880	50.37	68
6890	50.37	68
6900	50.37	68
6910	50.37	68
6920	50.37	68
6930	50.37	68
6940	50.37	68
6950	50.37	68
6960	50.37	68
6970	50.37	68
6980	50.37	68
6990	50.37	68
7000	50.37	68
7010	50.37	68
7020	50.37	68
7030	50.37	68
7040	50.37	68
7050	50.37	68
7060	50.37	68
7070	50.37	68
7080	50.37	68
7090	50.41	68
7100	50.41	68
7110	50.41	68
7120	50.41	68
7130	50.41	68
7140	50.41	68
7150	50.41	68
7160	50.41	68
7170	50.41	68
7180	50.41	68
7190	50.41	68
7200	50.41	68
7210	50.41	68
7220	50.41	68
7230	50.41	68
7240	50.41	68
7250	50.41	68
7260	50.41	68
7270	50.41	68
7280	50.51	68
7290	50.52	68
7300	50.52	68
7310	50.52	68
7320	50.52	68
7330	50.52	68
7340	50.52	68
7350	50.52	68
7360	50.52	68
7370	50.52	68
7380	50.52	68
7390	50.59	68
7400	50.59	68
7410	50.59	68
7420	50.59	68
7430	50.59	68
7440	50.59	68
7450	50.59	68
7460	50.59	68
7470	50.59	68
7480	50.59	68
7490	50.59	68
7500	50.59	68
7510	50.59	68
7520	50.62	68
7530	50.62	68
7540	50.62	68
7550	50.62	68
7560	50.62	68
7570	50.62	68
7580	50.62	68
7590	50.62	68
7600	50.63	68
7610	50.63	68
7620	50.63	68
7630	50.63	68
7640	50.63	68
7650	50.65	68
7660	50.65	68
7670	50.65	68
7680	50.65	68
7690	50.65	68
7700	50.65	68
7710	50.65	68
7720	50.65	68
7730	50.65	68
7740	50.65	68
7750	50.65	68
7760	50.68	68
7770	50.68	68
7780	50.68	68
7790	50.68	68
7800	50.68	68
7810	50.68	68
7820	50.68	68
7830	50.71	68
7840	50.71	68
7850	50.71	68
7860	50.71	68
7870	50.71	68
7880	50.71	68
7890	50.71	68
7900	50.71	68
7910	50.71	68
7920	50.71	68
7930	50.71	68
7940	50.71	68
7950	50.71	68
7960	50.71	68
7970	50.71	68
7980	50.84	68
7990	50.84	68
8000	50.84	68
8010	50.89	68
8020	50.89	68
8030	50.89	68
8040	50.89	68
8050	50.89	68
8060	50.89	68
8070	50.89	68
8080	50.89	68
8090	50.89	68
8100	50.89	68
8110	50.89	68
8120	50.89	68
8130	50.89	68
8140	50.89	68
8150	50.89	68
8160	50.94	68
8170	50.94	68
8180	50.94	68
8190	50.94	68
8200	50.94	68
8210	50.94	68
8220	50.94	68
8230	50.94	68
8240	50.94	68
8250	50.94	68
8260	50.94	68
8270	50.94	68
8280	50.94	68
8290	50.94	68
8300	50.94	68
8310	50.94	68
8320	50.94	68
8330	50.99	68
8340	50.99	68
8350	50.99	68
8360	50.99	68
8370	50.99	68
8380	50.99	68
8390	50.99	68
8400	50.99	68
8410	50.99	68
8420	50.99	68
8430	50.99	68
8440	50.99	68
8450	50.99	68
8460	50.99	68
8470	50.99	68
8480	51.16	68
8490	51.16	68
8500	51.16	68
8510	51.16	68
8520	51.16	68
8530	51.16	68
8540	51.16	68
8550	51.16	68
8560	51.16	68
8570	51.17	68
8580	51.24	68
8590	51.24	68
8600	51.24	68
8610	51.24	68
8620	51.26	68
8630	51.26	68
8640	51.26	68
8650	51.26	68
8660	51.26	68
8670	51.26	68
8680	51.26	68
8690	51.26	68
8700	51.26	68
8710	51.26	68
8720	51.26	68
8730	51.31	68
8740	51.31	68
8750	51.31	68
8760	51.31	68
8770	51.31	68
8780	51.31	68
8790	51.31	68
8800	51.31	68
8810	51.31	68
8820	51.42	68
8830	51.42	68
8840	51.42	68
8850	51.42	68
8860	51.42	68
8870	51.47	68
8880	51.47	68
8890	51.47	68
8900	51.47	68
8910	51.47	68
8920	51.47	68
8930	51.59	68
8940	51.59	68
8950	51.59	68
8960	51.59	68
8970	51.59	68
8980	51.59	68
8990	51.59	68
9000	51.59	68
9010	51.59	68
9020	51.59	68
9030	51.59	68
9040	51.59	68
9050	51.59	68
9060	51.59	68
9070	51.68	68
9080	51.68	68
9090	51.68	68
9100	51.68	68
9110	51.68	68
9120	51.68	68
9130	51.68	68
9140	51.68	68
9150	51.68	68
9160	51.68	68
9170	51.68	68
9180	51.68	68
9190	51.7	68
9200	51.7	68
9210	51.7	68
9220	51.7	68
9230	51.7	68
9240	51.79	68
9250	51.79	68
9260	51.79	68
9270	51.79	68
9280	51.79	68
9290	51.88	68
9300	51.88	68
9310	51.88	68
9320	51.88	68
9330	51.88	68
9340	51.88	68
9350	51.88	68
9360	51.88	68
9370	51.88	68
9380	51.88	68
9390	51.88	68
9400	51.88	68
9410	51.88	68
9420	51.88	68
9430	51.88	68
9440	51.98	68
9450	51.98	68
9460	51.98	68
9470	51.98	68
9480	51.98	68
9490	51.98	68
9500	51.98	68
9510	51.98	68
9520	51.98	68
9530	51.98	68
9540	51.98	68
9550	51.98	68
9560	51.98	68
9570	51.98	68
9580	51.98	68
9590	52.03	68
9600	52.03	68
9610	52.03	68
9620	52.03	68
9630	52.03	68
9640	52.03	68
9650	52.11	68
9660	52.11	68
9670	52.11	68
9680	52.11	68
9690	52.11	68
9700	52.11	68
9710	52.11	68
9720	52.11	68
9730	52.11	68
9740	52.11	68
9750	52.11	68
9760	52.11	68
9770	52.11	68
9780	52.11	68
9790	52.11	68
9800	52.11	68
9810	52.11	68
9820	52.11	68
9830	52.11	68
9840	52.11	68
9850	52.11	68
9860	52.11	68
9870	52.19	68
9880	52.19	68
9890	52.19	68
9900	52.19	68
9910	52.19	68
9920	52.19	68
9930	52.19	68
9940	52.19	68
9950	52.19	68
9960	52.19	68
9970	52.19	68
9980	52.19	68
9990	52.19	68
10000	52.19	68
