Solutions File
10
12
1 2 5
2 12 5
2 5 5
2 4 5
2 1 5
3 11 2
3 1 5
4 10 2
4 1 5
5 5 5
6 11 5
6 10 1
6 8 5
6 5 5
7 12 5
7 10 5
7 9 0
7 8 0
7 5 5
7 4 5
7 2 5
7 1 2
8 10 0
8 8 1
9 12 1
9 10 5
9 7 5
10 10 5
10 7 0
10 1 5



Patero Front: 

84 	 0 	 2 	 3 
10 5
8 12
5 10
5 1
9 2
10 9
9 8
4 11
3 12
3 4
7 6
1 8
8 4
4 9
7 11
2 7
2 3
6 2
1 1




69 	 0 	 0 	 3 
6 1
8 1
5 3
4 11
5 10
8 12
9 8
2 7
2 2
3 8
3 12
9 5
10 4




82 	 0 	 1 	 3 
6 1
8 1
2 10
8 12
1 1
2 3
4 2
1 12
3 8
10 9
5 10
5 4
6 7
7 6
4 11
10 11
9 8
9 5




