100	3.12	20
110	3.44	20
120	3.76	20
130	4.11	20
140	4.43	20
150	4.52	20
160	4.78	20
170	5.19	20
180	5.52	20
190	5.74	20
200	6.1	20
210	6.33	20
220	6.42	20
230	6.52	20
240	7.11	23
250	7.43	23
260	7.81	23
270	7.93	23
280	8.32	23
290	8.49	23
300	8.58	23
310	8.58	23
320	8.66	23
330	8.89	23
340	8.89	23
350	9.12	23
360	9.38	23
370	9.38	23
380	9.55	23
390	9.72	23
400	9.83	23
410	9.89	23
420	10.22	26
430	10.48	26
440	10.48	26
450	10.9	26
460	11.18	26
470	11.18	26
480	11.18	26
490	11.2	26
500	11.28	26
510	11.66	26
520	11.66	26
530	11.66	26
540	11.73	26
550	11.78	26
560	11.78	26
570	12.18	26
580	12.35	26
590	12.44	26
600	12.45	26
610	12.47	26
620	12.52	26
630	12.61	26
640	12.73	26
650	12.95	26
660	13.12	26
670	13.34	26
680	13.41	26
690	13.59	26
700	13.76	26
710	13.85	26
720	13.88	26
730	13.96	26
740	14.21	26
750	14.4	26
760	14.54	26
770	14.59	26
780	14.59	26
790	14.71	26
800	14.77	26
810	14.87	26
820	14.95	26
830	14.95	26
840	15.02	26
850	15.08	26
860	15.08	26
870	15.24	26
880	15.42	26
890	15.49	26
900	15.59	26
910	15.79	26
920	15.81	26
930	16.04	26
940	16.15	26
950	16.15	26
960	16.28	26
970	16.34	26
980	16.45	26
990	16.49	26
1000	16.52	26
1010	16.54	26
1020	16.64	26
1030	16.64	26
1040	16.64	26
1050	16.64	26
1060	16.64	26
1070	16.88	26
1080	16.88	26
1090	16.93	26
1100	16.98	26
1110	16.98	26
1120	17.04	26
1130	17.17	26
1140	17.33	26
1150	17.33	26
1160	17.41	26
1170	17.51	26
1180	17.59	26
1190	17.59	26
1200	17.59	26
1210	17.7	26
1220	17.79	26
1230	17.85	26
1240	17.93	26
1250	17.94	26
1260	17.94	26
1270	17.94	26
1280	18.0	26
1290	18.1	26
1300	18.1	26
1310	18.2	26
1320	18.27	26
1330	18.3	26
1340	18.39	26
1350	18.53	26
1360	18.53	26
1370	18.57	26
1380	18.66	26
1390	18.66	26
1400	18.66	26
1410	18.69	26
1420	18.77	26
1430	18.82	26
1440	18.83	26
1450	18.83	26
1460	18.83	26
1470	18.83	26
1480	18.83	26
1490	18.94	26
1500	18.94	26
1510	18.94	26
1520	18.94	26
1530	18.94	26
1540	18.94	26
1550	18.94	26
1560	18.94	26
1570	19.01	26
1580	19.06	26
1590	19.11	26
1600	19.11	26
1610	19.11	26
1620	19.17	26
1630	19.18	26
1640	19.18	26
1650	19.18	26
1660	19.28	26
1670	19.29	26
1680	19.29	26
1690	19.31	26
1700	19.31	26
1710	19.34	26
1720	19.46	27
1730	19.46	27
1740	19.46	27
1750	19.46	27
1760	19.47	27
1770	19.47	27
1780	19.51	27
1790	19.51	27
1800	19.59	27
1810	19.59	27
1820	19.62	27
1830	19.62	27
1840	19.62	27
1850	19.62	27
1860	19.62	27
1870	19.62	27
1880	19.64	27
1890	19.64	27
1900	19.74	27
1910	19.74	27
1920	19.88	27
1930	19.88	27
1940	19.97	27
1950	19.97	27
1960	19.97	27
1970	19.97	27
1980	19.97	27
1990	19.97	27
2000	20.08	27
2010	20.13	27
2020	20.13	27
2030	20.17	27
2040	20.17	27
2050	20.3	28
2060	20.3	28
2070	20.3	28
2080	20.37	28
2090	20.39	28
2100	20.39	28
2110	20.39	28
2120	20.39	28
2130	20.39	28
2140	20.39	28
2150	20.39	28
2160	20.39	28
2170	20.39	28
2180	20.39	28
2190	20.56	29
2200	20.57	29
2210	20.57	29
2220	20.57	29
2230	20.57	29
2240	20.6	29
2250	20.6	29
2260	20.6	29
2270	20.68	29
2280	20.68	29
2290	20.68	29
2300	20.76	29
2310	20.9	29
2320	20.9	29
2330	20.9	29
2340	20.9	29
2350	20.9	29
2360	20.9	29
2370	20.97	29
2380	20.97	29
2390	20.97	29
2400	21.0	29
2410	21.0	29
2420	21.04	29
2430	21.04	29
2440	21.04	29
2450	21.04	29
2460	21.04	29
2470	21.08	29
2480	21.08	29
2490	21.08	29
2500	21.08	29
2510	21.12	29
2520	21.12	29
2530	21.16	29
2540	21.16	29
2550	21.16	29
2560	21.19	29
2570	21.19	29
2580	21.19	29
2590	21.2	29
2600	21.2	29
2610	21.3	29
2620	21.3	29
2630	21.3	29
2640	21.3	29
2650	21.3	29
2660	21.3	29
2670	21.3	29
2680	21.3	29
2690	21.3	29
2700	21.36	29
2710	21.37	29
2720	21.37	29
2730	21.38	29
2740	21.44	29
2750	21.44	29
2760	21.44	29
2770	21.44	29
2780	21.44	29
2790	21.44	29
2800	21.44	29
2810	21.44	29
2820	21.44	29
2830	21.44	29
2840	21.44	29
2850	21.44	29
2860	21.44	29
2870	21.44	29
2880	21.44	29
2890	21.44	29
2900	21.44	29
2910	21.5	29
2920	21.51	29
2930	21.51	29
2940	21.51	29
2950	21.51	29
2960	21.51	29
2970	21.55	29
2980	21.55	29
2990	21.6	29
3000	21.6	29
3010	21.6	29
3020	21.6	29
3030	21.6	29
3040	21.6	29
3050	21.63	29
3060	21.63	29
3070	21.63	29
3080	21.63	29
3090	21.64	29
3100	21.64	29
3110	21.64	29
3120	21.64	29
3130	21.68	29
3140	21.76	29
3150	21.81	29
3160	21.91	29
3170	21.91	29
3180	21.91	29
3190	22.01	29
3200	22.01	29
3210	22.01	29
3220	22.01	29
3230	22.01	29
3240	22.01	29
3250	22.13	31
3260	22.13	31
3270	22.14	31
3280	22.2	31
3290	22.2	31
3300	22.2	31
3310	22.2	31
3320	22.2	31
3330	22.23	31
3340	22.23	31
3350	22.23	31
3360	22.23	31
3370	22.23	31
3380	22.28	31
3390	22.28	31
3400	22.28	31
3410	22.28	31
3420	22.28	31
3430	22.28	31
3440	22.39	31
3450	22.42	31
3460	22.42	31
3470	22.42	31
3480	22.47	31
3490	22.47	31
3500	22.47	31
3510	22.47	31
3520	22.47	31
3530	22.47	31
3540	22.47	31
3550	22.54	31
3560	22.54	31
3570	22.6	31
3580	22.6	31
3590	22.6	31
3600	22.6	31
3610	22.6	31
3620	22.6	31
3630	22.64	31
3640	22.66	31
3650	22.66	31
3660	22.66	31
3670	22.71	31
3680	22.75	31
3690	22.75	31
3700	22.75	31
3710	22.75	31
3720	22.75	31
3730	22.75	31
3740	22.78	31
3750	22.78	31
3760	22.78	31
3770	22.85	31
3780	22.85	31
3790	22.85	31
3800	22.87	31
3810	22.87	31
3820	22.87	31
3830	22.87	31
3840	22.87	31
3850	22.9	31
3860	22.9	31
3870	22.9	31
3880	22.91	31
3890	22.91	31
3900	22.91	31
3910	23.04	31
3920	23.04	31
3930	23.04	31
3940	23.04	31
3950	23.04	31
3960	23.04	31
3970	23.04	31
3980	23.04	31
3990	23.04	31
4000	23.04	31
4010	23.14	31
4020	23.14	31
4030	23.14	31
4040	23.14	31
4050	23.14	31
4060	23.14	31
4070	23.14	31
4080	23.14	31
4090	23.14	31
4100	23.14	31
4110	23.14	31
4120	23.17	31
4130	23.17	31
4140	23.17	31
4150	23.17	31
4160	23.17	31
4170	23.17	31
4180	23.17	31
4190	23.17	31
4200	23.17	31
4210	23.17	31
4220	23.17	31
4230	23.17	31
4240	23.17	31
4250	23.17	31
4260	23.17	31
4270	23.17	31
4280	23.17	31
4290	23.17	31
4300	23.17	31
4310	23.17	31
4320	23.17	31
4330	23.17	31
4340	23.17	31
4350	23.17	31
4360	23.18	31
4370	23.18	31
4380	23.18	31
4390	23.18	31
4400	23.18	31
4410	23.18	31
4420	23.18	31
4430	23.18	31
4440	23.19	31
4450	23.19	31
4460	23.19	31
4470	23.19	31
4480	23.19	31
4490	23.22	31
4500	23.22	31
4510	23.29	31
4520	23.32	31
4530	23.34	31
4540	23.34	31
4550	23.34	31
4560	23.34	31
4570	23.34	31
4580	23.34	31
4590	23.34	31
4600	23.34	31
4610	23.36	31
4620	23.36	31
4630	23.36	31
4640	23.36	31
4650	23.36	31
4660	23.36	31
4670	23.39	31
4680	23.39	31
4690	23.39	31
4700	23.39	31
4710	23.39	31
4720	23.39	31
4730	23.39	31
4740	23.39	31
4750	23.39	31
4760	23.39	31
4770	23.41	31
4780	23.41	31
4790	23.49	31
4800	23.49	31
4810	23.5	31
4820	23.53	31
4830	23.53	31
4840	23.53	31
4850	23.53	31
4860	23.53	31
4870	23.53	31
4880	23.53	31
4890	23.53	31
4900	23.53	31
4910	23.53	31
4920	23.53	31
4930	23.53	31
4940	23.53	31
4950	23.53	31
4960	23.53	31
4970	23.53	31
4980	23.53	31
4990	23.53	31
5000	23.53	31
5010	23.53	31
5020	23.55	31
5030	23.57	31
5040	23.57	31
5050	23.62	31
5060	23.62	31
5070	23.62	31
5080	23.62	31
5090	23.62	31
5100	23.62	31
5110	23.69	31
5120	23.69	31
5130	23.69	31
5140	23.69	31
5150	23.69	31
5160	23.69	31
5170	23.69	31
5180	23.69	31
5190	23.69	31
5200	23.69	31
5210	23.69	31
5220	23.69	31
5230	23.7	31
5240	23.71	31
5250	23.71	31
5260	23.74	31
5270	23.77	31
5280	23.77	31
5290	23.77	31
5300	23.77	31
5310	23.77	31
5320	23.77	31
5330	23.77	31
5340	23.77	31
5350	23.77	31
5360	23.77	31
5370	23.77	31
5380	23.77	31
5390	23.82	31
5400	23.82	31
5410	23.82	31
5420	23.82	31
5430	23.85	31
5440	23.85	31
5450	23.85	31
5460	23.85	31
5470	23.85	31
5480	23.85	31
5490	23.85	31
5500	23.88	31
5510	23.88	31
5520	23.88	31
5530	23.98	31
5540	23.99	31
5550	23.99	31
5560	23.99	31
5570	23.99	31
5580	23.99	31
5590	23.99	31
5600	23.99	31
5610	23.99	31
5620	23.99	31
5630	23.99	31
5640	23.99	31
5650	23.99	31
5660	23.99	31
5670	23.99	31
5680	23.99	31
5690	23.99	31
5700	23.99	31
5710	23.99	31
5720	23.99	31
5730	23.99	31
5740	23.99	31
5750	24.12	34
5760	24.12	34
5770	24.12	34
5780	24.12	34
5790	24.12	34
5800	24.12	34
5810	24.2	34
5820	24.2	34
5830	24.2	34
5840	24.2	34
5850	24.2	34
5860	24.2	34
5870	24.2	34
5880	24.2	34
5890	24.2	34
5900	24.23	34
5910	24.23	34
5920	24.23	34
5930	24.23	34
5940	24.23	34
5950	24.23	34
5960	24.23	34
5970	24.23	34
5980	24.23	34
5990	24.23	34
6000	24.23	34
6010	24.23	34
6020	24.26	34
6030	24.26	34
6040	24.26	34
6050	24.26	34
6060	24.26	34
6070	24.27	34
6080	24.27	34
6090	24.27	34
6100	24.27	34
6110	24.27	34
6120	24.27	34
6130	24.28	34
6140	24.28	34
6150	24.28	34
6160	24.28	34
6170	24.28	34
6180	24.28	34
6190	24.28	34
6200	24.28	34
6210	24.28	34
6220	24.28	34
6230	24.28	34
6240	24.33	34
6250	24.36	34
6260	24.36	34
6270	24.36	34
6280	24.36	34
6290	24.36	34
6300	24.36	34
6310	24.36	34
6320	24.36	34
6330	24.36	34
6340	24.36	34
6350	24.36	34
6360	24.4	34
6370	24.4	34
6380	24.4	34
6390	24.4	34
6400	24.4	34
6410	24.4	34
6420	24.4	34
6430	24.4	34
6440	24.4	34
6450	24.4	34
6460	24.4	34
6470	24.4	34
6480	24.4	34
6490	24.4	34
6500	24.4	34
6510	24.4	34
6520	24.4	34
6530	24.4	34
6540	24.4	34
6550	24.4	34
6560	24.4	34
6570	24.4	34
6580	24.49	34
6590	24.49	34
6600	24.49	34
6610	24.54	34
6620	24.54	34
6630	24.54	34
6640	24.54	34
6650	24.54	34
6660	24.54	34
6670	24.54	34
6680	24.54	34
6690	24.55	34
6700	24.55	34
6710	24.55	34
6720	24.55	34
6730	24.55	34
6740	24.55	34
6750	24.55	34
6760	24.55	34
6770	24.55	34
6780	24.55	34
6790	24.55	34
6800	24.55	34
6810	24.55	34
6820	24.55	34
6830	24.55	34
6840	24.55	34
6850	24.58	34
6860	24.58	34
6870	24.58	34
6880	24.58	34
6890	24.58	34
6900	24.58	34
6910	24.58	34
6920	24.58	34
6930	24.58	34
6940	24.58	34
6950	24.58	34
6960	24.58	34
6970	24.58	34
6980	24.58	34
6990	24.58	34
7000	24.58	34
7010	24.58	34
7020	24.58	34
7030	24.58	34
7040	24.58	34
7050	24.58	34
7060	24.58	34
7070	24.58	34
7080	24.58	34
7090	24.58	34
7100	24.58	34
7110	24.58	34
7120	24.58	34
7130	24.58	34
7140	24.58	34
7150	24.58	34
7160	24.58	34
7170	24.58	34
7180	24.58	34
7190	24.58	34
7200	24.58	34
7210	24.58	34
7220	24.59	34
7230	24.61	34
7240	24.61	34
7250	24.61	34
7260	24.61	34
7270	24.63	34
7280	24.68	34
7290	24.7	34
7300	24.7	34
7310	24.7	34
7320	24.7	34
7330	24.7	34
7340	24.71	34
7350	24.71	34
7360	24.71	34
7370	24.71	34
7380	24.71	34
7390	24.71	34
7400	24.71	34
7410	24.71	34
7420	24.71	34
7430	24.71	34
7440	24.71	34
7450	24.8	34
7460	24.8	34
7470	24.8	34
7480	24.8	34
7490	24.8	34
7500	24.8	34
7510	24.8	34
7520	24.8	34
7530	24.8	34
7540	24.8	34
7550	24.8	34
7560	24.8	34
7570	24.8	34
7580	24.8	34
7590	24.8	34
7600	24.81	34
7610	24.81	34
7620	24.81	34
7630	24.83	34
7640	24.83	34
7650	24.83	34
7660	24.83	34
7670	24.83	34
7680	24.83	34
7690	24.83	34
7700	24.83	34
7710	24.83	34
7720	24.83	34
7730	24.83	34
7740	24.83	34
7750	24.83	34
7760	24.83	34
7770	24.83	34
7780	24.83	34
7790	24.84	34
7800	24.84	34
7810	24.84	34
7820	24.84	34
7830	24.86	34
7840	24.86	34
7850	24.86	34
7860	24.86	34
7870	24.86	34
7880	24.86	34
7890	24.86	34
7900	24.86	34
7910	24.86	34
7920	24.86	34
7930	24.86	34
7940	24.86	34
7950	24.86	34
7960	24.95	34
7970	24.96	34
7980	24.97	34
7990	24.99	34
8000	24.99	34
8010	24.99	34
8020	24.99	34
8030	24.99	34
8040	24.99	34
8050	24.99	34
8060	24.99	34
8070	24.99	34
8080	24.99	34
8090	24.99	34
8100	24.99	34
8110	25.01	34
8120	25.01	34
8130	25.01	34
8140	25.01	34
8150	25.01	34
8160	25.02	34
8170	25.02	34
8180	25.02	34
8190	25.02	34
8200	25.02	34
8210	25.02	34
8220	25.02	34
8230	25.02	34
8240	25.02	34
8250	25.02	34
8260	25.02	34
8270	25.02	34
8280	25.02	34
8290	25.02	34
8300	25.02	34
8310	25.02	34
8320	25.02	34
8330	25.02	34
8340	25.02	34
8350	25.02	34
8360	25.02	34
8370	25.02	34
8380	25.02	34
8390	25.02	34
8400	25.11	34
8410	25.11	34
8420	25.11	34
8430	25.11	34
8440	25.11	34
8450	25.11	34
8460	25.11	34
8470	25.11	34
8480	25.11	34
8490	25.15	34
8500	25.15	34
8510	25.15	34
8520	25.15	34
8530	25.15	34
8540	25.15	34
8550	25.15	34
8560	25.15	34
8570	25.15	34
8580	25.15	34
8590	25.15	34
8600	25.15	34
8610	25.15	34
8620	25.15	34
8630	25.15	34
8640	25.15	34
8650	25.15	34
8660	25.15	34
8670	25.15	34
8680	25.15	34
8690	25.15	34
8700	25.15	34
8710	25.15	34
8720	25.15	34
8730	25.15	34
8740	25.15	34
8750	25.15	34
8760	25.15	34
8770	25.15	34
8780	25.15	34
8790	25.15	34
8800	25.15	34
8810	25.15	34
8820	25.15	34
8830	25.22	34
8840	25.22	34
8850	25.25	34
8860	25.25	34
8870	25.25	34
8880	25.25	34
8890	25.25	34
8900	25.28	34
8910	25.28	34
8920	25.28	34
8930	25.28	34
8940	25.28	34
8950	25.28	34
8960	25.28	34
8970	25.28	34
8980	25.28	34
8990	25.28	34
9000	25.36	34
9010	25.36	34
9020	25.36	34
9030	25.36	34
9040	25.36	34
9050	25.36	34
9060	25.36	34
9070	25.36	34
9080	25.36	34
9090	25.36	34
9100	25.36	34
9110	25.36	34
9120	25.36	34
9130	25.36	34
9140	25.36	34
9150	25.36	34
9160	25.36	34
9170	25.36	34
9180	25.37	34
9190	25.37	34
9200	25.37	34
9210	25.38	34
9220	25.38	34
9230	25.41	34
9240	25.41	34
9250	25.41	34
9260	25.41	34
9270	25.41	34
9280	25.41	34
9290	25.41	34
9300	25.41	34
9310	25.41	34
9320	25.44	34
9330	25.44	34
9340	25.44	34
9350	25.44	34
9360	25.44	34
9370	25.44	34
9380	25.44	34
9390	25.44	34
9400	25.45	34
9410	25.45	34
9420	25.45	34
9430	25.45	34
9440	25.45	34
9450	25.45	34
9460	25.45	34
9470	25.45	34
9480	25.45	34
9490	25.45	34
9500	25.45	34
9510	25.45	34
9520	25.45	34
9530	25.46	34
9540	25.46	34
9550	25.46	34
9560	25.46	34
9570	25.46	34
9580	25.46	34
9590	25.46	34
9600	25.46	34
9610	25.46	34
9620	25.46	34
9630	25.46	34
9640	25.46	34
9650	25.46	34
9660	25.46	34
9670	25.46	34
9680	25.46	34
9690	25.46	34
9700	25.46	34
9710	25.46	34
9720	25.46	34
9730	25.46	34
9740	25.5	34
9750	25.5	34
9760	25.5	34
9770	25.51	34
9780	25.51	34
9790	25.51	34
9800	25.51	34
9810	25.51	34
9820	25.51	34
9830	25.51	34
9840	25.51	34
9850	25.51	34
9860	25.51	34
9870	25.51	34
9880	25.53	34
9890	25.53	34
9900	25.54	34
9910	25.54	34
9920	25.54	34
9930	25.54	34
9940	25.54	34
9950	25.54	34
9960	25.61	34
9970	25.61	34
9980	25.61	34
9990	25.61	34
10000	25.61	34
