100	3.42	34
110	4.07	34
120	4.52	34
130	4.96	34
140	5.09	34
150	5.09	34
160	5.31	34
170	5.78	34
180	6.26	34
190	6.45	34
200	6.76	34
210	7.16	34
220	7.16	34
230	7.29	34
240	7.62	34
250	7.96	34
260	8.72	34
270	9.27	34
280	9.55	34
290	9.69	34
300	9.84	34
310	10.6	34
320	10.95	34
330	11.16	34
340	11.38	34
350	11.86	34
360	12.02	34
370	12.47	34
380	12.8	34
390	12.97	34
400	13.04	34
410	13.21	34
420	13.33	34
430	13.62	34
440	13.83	34
450	13.9	34
460	14.04	34
470	14.33	34
480	14.74	34
490	14.74	34
500	15.02	34
510	15.1	34
520	15.1	34
530	15.27	34
540	15.32	34
550	15.49	34
560	15.67	34
570	15.85	34
580	15.88	34
590	15.88	34
600	16.05	34
610	16.34	34
620	16.36	34
630	16.38	34
640	16.38	34
650	16.51	34
660	16.55	34
670	16.55	34
680	16.58	34
690	16.77	34
700	16.77	34
710	17.01	34
720	17.06	34
730	17.23	34
740	17.47	34
750	17.47	34
760	17.61	34
770	17.71	34
780	17.91	34
790	17.91	34
800	17.92	34
810	18.06	34
820	18.15	34
830	18.15	34
840	18.15	34
850	18.15	34
860	18.26	34
870	18.31	34
880	18.31	34
890	18.31	34
900	18.33	34
910	18.38	34
920	18.38	34
930	18.38	34
940	18.43	34
950	18.53	34
960	18.58	34
970	18.65	34
980	18.65	34
990	18.75	34
1000	18.93	34
1010	18.93	34
1020	18.93	34
1030	19.09	34
1040	19.09	34
1050	19.09	34
1060	19.09	34
1070	19.12	34
1080	19.12	34
1090	19.12	34
1100	19.12	34
1110	19.18	34
1120	19.18	34
1130	19.18	34
1140	19.18	34
1150	19.18	34
1160	19.19	34
1170	19.19	34
1180	19.24	34
1190	19.24	34
1200	19.29	34
1210	19.35	34
1220	19.35	34
1230	19.38	34
1240	19.38	34
1250	19.52	34
1260	19.67	34
1270	19.86	34
1280	19.86	34
1290	19.94	34
1300	19.94	34
1310	20.0	34
1320	20.04	34
1330	20.1	34
1340	20.13	34
1350	20.13	34
1360	20.19	34
1370	20.2	34
1380	20.2	34
1390	20.27	34
1400	20.42	34
1410	20.42	34
1420	20.42	34
1430	20.42	34
1440	20.47	34
1450	20.47	34
1460	20.59	34
1470	20.59	34
1480	20.59	34
1490	20.61	34
1500	20.63	34
1510	20.63	34
1520	20.63	34
1530	20.66	34
1540	20.66	34
1550	20.66	34
1560	20.66	34
1570	20.66	34
1580	20.66	34
1590	20.67	34
1600	20.67	34
1610	20.67	34
1620	20.67	34
1630	20.67	34
1640	20.67	34
1650	20.72	34
1660	20.74	34
1670	20.74	34
1680	20.78	34
1690	20.87	34
1700	20.92	34
1710	20.92	34
1720	20.92	34
1730	20.92	34
1740	20.92	34
1750	21.06	34
1760	21.06	34
1770	21.06	34
1780	21.06	34
1790	21.07	34
1800	21.07	34
1810	21.09	34
1820	21.09	34
1830	21.19	34
1840	21.19	34
1850	21.19	34
1860	21.19	34
1870	21.19	34
1880	21.19	34
1890	21.19	34
1900	21.19	34
1910	21.19	34
1920	21.19	34
1930	21.19	34
1940	21.27	34
1950	21.27	34
1960	21.27	34
1970	21.27	34
1980	21.27	34
1990	21.27	34
2000	21.31	34
2010	21.36	34
2020	21.37	34
2030	21.37	34
2040	21.37	34
2050	21.45	34
2060	21.45	34
2070	21.53	34
2080	21.53	34
2090	21.61	34
2100	21.61	34
2110	21.67	34
2120	21.67	34
2130	21.67	34
2140	21.67	34
2150	21.67	34
2160	21.67	34
2170	21.68	34
2180	21.68	34
2190	21.68	34
2200	21.68	34
2210	21.68	34
2220	21.68	34
2230	21.7	34
2240	21.7	34
2250	21.7	34
2260	21.7	34
2270	21.7	34
2280	21.7	34
2290	21.7	34
2300	21.73	34
2310	21.75	34
2320	21.75	34
2330	21.83	34
2340	21.83	34
2350	21.86	34
2360	22.02	34
2370	22.02	34
2380	22.02	34
2390	22.02	34
2400	22.05	34
2410	22.05	34
2420	22.05	34
2430	22.05	34
2440	22.05	34
2450	22.08	34
2460	22.08	34
2470	22.08	34
2480	22.08	34
2490	22.08	34
2500	22.08	34
2510	22.08	34
2520	22.08	34
2530	22.08	34
2540	22.11	34
2550	22.11	34
2560	22.24	34
2570	22.24	34
2580	22.24	34
2590	22.3	34
2600	22.3	34
2610	22.3	34
2620	22.39	34
2630	22.43	34
2640	22.43	34
2650	22.43	34
2660	22.43	34
2670	22.52	34
2680	22.52	34
2690	22.52	34
2700	22.52	34
2710	22.52	34
2720	22.62	34
2730	22.65	34
2740	22.65	34
2750	22.65	34
2760	22.65	34
2770	22.65	34
2780	22.65	34
2790	22.65	34
2800	22.65	34
2810	22.65	34
2820	22.65	34
2830	22.65	34
2840	22.65	34
2850	22.66	34
2860	22.68	34
2870	22.68	34
2880	22.68	34
2890	22.68	34
2900	22.71	34
2910	22.71	34
2920	22.71	34
2930	22.71	34
2940	22.71	34
2950	22.71	34
2960	22.71	34
2970	22.71	34
2980	22.71	34
2990	22.71	34
3000	22.71	34
3010	22.71	34
3020	22.71	34
3030	22.71	34
3040	22.71	34
3050	22.79	34
3060	22.79	34
3070	22.79	34
3080	22.79	34
3090	22.79	34
3100	22.79	34
3110	22.79	34
3120	22.79	34
3130	22.79	34
3140	22.8	34
3150	22.8	34
3160	22.8	34
3170	22.8	34
3180	22.8	34
3190	22.88	34
3200	22.88	34
3210	22.91	34
3220	22.91	34
3230	22.91	34
3240	22.92	34
3250	22.96	34
3260	22.96	34
3270	22.96	34
3280	22.96	34
3290	22.96	34
3300	22.96	34
3310	22.97	34
3320	22.97	34
3330	22.97	34
3340	22.97	34
3350	22.97	34
3360	22.97	34
3370	22.97	34
3380	22.97	34
3390	22.97	34
3400	22.97	34
3410	22.97	34
3420	22.99	34
3430	22.99	34
3440	22.99	34
3450	22.99	34
3460	22.99	34
3470	22.99	34
3480	22.99	34
3490	23.01	34
3500	23.01	34
3510	23.01	34
3520	23.01	34
3530	23.02	34
3540	23.05	34
3550	23.11	34
3560	23.11	34
3570	23.11	34
3580	23.11	34
3590	23.17	34
3600	23.18	34
3610	23.18	34
3620	23.27	34
3630	23.27	34
3640	23.3	34
3650	23.3	34
3660	23.3	34
3670	23.3	34
3680	23.3	34
3690	23.3	34
3700	23.3	34
3710	23.3	34
3720	23.3	34
3730	23.32	34
3740	23.32	34
3750	23.32	34
3760	23.32	34
3770	23.32	34
3780	23.38	34
3790	23.38	34
3800	23.38	34
3810	23.38	34
3820	23.38	34
3830	23.38	34
3840	23.43	34
3850	23.43	34
3860	23.43	34
3870	23.43	34
3880	23.43	34
3890	23.43	34
3900	23.43	34
3910	23.43	34
3920	23.43	34
3930	23.43	34
3940	23.43	34
3950	23.43	34
3960	23.43	34
3970	23.43	34
3980	23.43	34
3990	23.44	34
4000	23.44	34
4010	23.44	34
4020	23.44	34
4030	23.51	34
4040	23.51	34
4050	23.56	34
4060	23.56	34
4070	23.59	34
4080	23.59	34
4090	23.59	34
4100	23.59	34
4110	23.59	34
4120	23.61	34
4130	23.61	34
4140	23.61	34
4150	23.61	34
4160	23.61	34
4170	23.61	34
4180	23.61	34
4190	23.61	34
4200	23.61	34
4210	23.61	34
4220	23.65	34
4230	23.65	34
4240	23.65	34
4250	23.65	34
4260	23.65	34
4270	23.65	34
4280	23.65	34
4290	23.65	34
4300	23.65	34
4310	23.65	34
4320	23.65	34
4330	23.65	34
4340	23.65	34
4350	23.65	34
4360	23.65	34
4370	23.7	34
4380	23.7	34
4390	23.72	34
4400	23.72	34
4410	23.72	34
4420	23.72	34
4430	23.72	34
4440	23.72	34
4450	23.72	34
4460	23.72	34
4470	23.72	34
4480	23.72	34
4490	23.72	34
4500	23.72	34
4510	23.72	34
4520	23.72	34
4530	23.72	34
4540	23.72	34
4550	23.72	34
4560	23.72	34
4570	23.72	34
4580	23.73	34
4590	23.73	34
4600	23.73	34
4610	23.73	34
4620	23.73	34
4630	23.73	34
4640	23.73	34
4650	23.73	34
4660	23.73	34
4670	23.73	34
4680	23.78	34
4690	23.79	34
4700	23.79	34
4710	23.79	34
4720	23.79	34
4730	23.79	34
4740	23.79	34
4750	23.79	34
4760	23.79	34
4770	23.79	34
4780	23.8	34
4790	23.8	34
4800	23.8	34
4810	23.8	34
4820	23.8	34
4830	23.8	34
4840	23.8	34
4850	23.85	34
4860	23.85	34
4870	23.85	34
4880	23.85	34
4890	23.85	34
4900	23.85	34
4910	23.85	34
4920	23.85	34
4930	23.85	34
4940	23.85	34
4950	23.85	34
4960	23.85	34
4970	23.88	34
4980	23.88	34
4990	23.88	34
5000	23.88	34
5010	23.9	34
5020	23.9	34
5030	23.9	34
5040	23.9	34
5050	23.9	34
5060	23.9	34
5070	23.9	34
5080	23.9	34
5090	23.9	34
5100	23.9	34
5110	23.96	34
5120	23.98	34
5130	23.98	34
5140	23.98	34
5150	23.98	34
5160	23.98	34
5170	23.98	34
5180	23.98	34
5190	23.98	34
5200	23.98	34
5210	23.98	34
5220	24.0	34
5230	24.0	34
5240	24.02	34
5250	24.02	34
5260	24.02	34
5270	24.02	34
5280	24.02	34
5290	24.02	34
5300	24.02	34
5310	24.05	34
5320	24.05	34
5330	24.05	34
5340	24.05	34
5350	24.05	34
5360	24.05	34
5370	24.05	34
5380	24.05	34
5390	24.05	34
5400	24.05	34
5410	24.05	34
5420	24.05	34
5430	24.05	34
5440	24.05	34
5450	24.05	34
5460	24.05	34
5470	24.05	34
5480	24.05	34
5490	24.05	34
5500	24.05	34
5510	24.1	34
5520	24.1	34
5530	24.1	34
5540	24.1	34
5550	24.16	34
5560	24.16	34
5570	24.16	34
5580	24.16	34
5590	24.16	34
5600	24.16	34
5610	24.17	34
5620	24.17	34
5630	24.17	34
5640	24.17	34
5650	24.17	34
5660	24.17	34
5670	24.17	34
5680	24.18	34
5690	24.18	34
5700	24.18	34
5710	24.18	34
5720	24.18	34
5730	24.18	34
5740	24.18	34
5750	24.18	34
5760	24.18	34
5770	24.18	34
5780	24.19	34
5790	24.19	34
5800	24.19	34
5810	24.19	34
5820	24.19	34
5830	24.19	34
5840	24.19	34
5850	24.19	34
5860	24.19	34
5870	24.19	34
5880	24.19	34
5890	24.19	34
5900	24.19	34
5910	24.19	34
5920	24.19	34
5930	24.2	34
5940	24.2	34
5950	24.2	34
5960	24.2	34
5970	24.2	34
5980	24.2	34
5990	24.2	34
6000	24.21	34
6010	24.21	34
6020	24.21	34
6030	24.21	34
6040	24.21	34
6050	24.23	34
6060	24.23	34
6070	24.23	34
6080	24.23	34
6090	24.23	34
6100	24.27	34
6110	24.27	34
6120	24.27	34
6130	24.27	34
6140	24.27	34
6150	24.27	34
6160	24.27	34
6170	24.27	34
6180	24.27	34
6190	24.27	34
6200	24.29	34
6210	24.29	34
6220	24.29	34
6230	24.3	34
6240	24.3	34
6250	24.3	34
6260	24.3	34
6270	24.3	34
6280	24.3	34
6290	24.3	34
6300	24.31	34
6310	24.31	34
6320	24.31	34
6330	24.31	34
6340	24.31	34
6350	24.31	34
6360	24.31	34
6370	24.31	34
6380	24.31	34
6390	24.31	34
6400	24.31	34
6410	24.31	34
6420	24.31	34
6430	24.31	34
6440	24.31	34
6450	24.31	34
6460	24.31	34
6470	24.31	34
6480	24.31	34
6490	24.31	34
6500	24.31	34
6510	24.31	34
6520	24.31	34
6530	24.31	34
6540	24.31	34
6550	24.31	34
6560	24.33	34
6570	24.33	34
6580	24.33	34
6590	24.33	34
6600	24.33	34
6610	24.33	34
6620	24.33	34
6630	24.33	34
6640	24.33	34
6650	24.33	34
6660	24.33	34
6670	24.33	34
6680	24.33	34
6690	24.33	34
6700	24.33	34
6710	24.35	34
6720	24.35	34
6730	24.35	34
6740	24.35	34
6750	24.35	34
6760	24.35	34
6770	24.35	34
6780	24.35	34
6790	24.35	34
6800	24.35	34
6810	24.38	34
6820	24.38	34
6830	24.38	34
6840	24.38	34
6850	24.38	34
6860	24.38	34
6870	24.38	34
6880	24.38	34
6890	24.38	34
6900	24.38	34
6910	24.39	34
6920	24.39	34
6930	24.39	34
6940	24.39	34
6950	24.39	34
6960	24.39	34
6970	24.39	34
6980	24.41	34
6990	24.41	34
7000	24.45	34
7010	24.45	34
7020	24.45	34
7030	24.45	34
7040	24.45	34
7050	24.45	34
7060	24.5	34
7070	24.5	34
7080	24.5	34
7090	24.5	34
7100	24.5	34
7110	24.5	34
7120	24.5	34
7130	24.5	34
7140	24.5	34
7150	24.5	34
7160	24.5	34
7170	24.5	34
7180	24.57	34
7190	24.57	34
7200	24.57	34
7210	24.59	34
7220	24.62	34
7230	24.62	34
7240	24.62	34
7250	24.65	34
7260	24.65	34
7270	24.65	34
7280	24.65	34
7290	24.65	34
7300	24.65	34
7310	24.65	34
7320	24.65	34
7330	24.65	34
7340	24.65	34
7350	24.65	34
7360	24.65	34
7370	24.65	34
7380	24.65	34
7390	24.65	34
7400	24.65	34
7410	24.65	34
7420	24.65	34
7430	24.65	34
7440	24.65	34
7450	24.65	34
7460	24.65	34
7470	24.65	34
7480	24.71	34
7490	24.75	34
7500	24.75	34
7510	24.75	34
7520	24.75	34
7530	24.75	34
7540	24.75	34
7550	24.75	34
7560	24.75	34
7570	24.75	34
7580	24.75	34
7590	24.75	34
7600	24.75	34
7610	24.75	34
7620	24.75	34
7630	24.75	34
7640	24.75	34
7650	24.75	34
7660	24.75	34
7670	24.75	34
7680	24.75	34
7690	24.75	34
7700	24.75	34
7710	24.75	34
7720	24.75	34
7730	24.75	34
7740	24.75	34
7750	24.75	34
7760	24.75	34
7770	24.75	34
7780	24.78	34
7790	24.78	34
7800	24.78	34
7810	24.78	34
7820	24.78	34
7830	24.78	34
7840	24.78	34
7850	24.78	34
7860	24.78	34
7870	24.78	34
7880	24.78	34
7890	24.78	34
7900	24.78	34
7910	24.78	34
7920	24.78	34
7930	24.78	34
7940	24.78	34
7950	24.83	34
7960	24.83	34
7970	24.83	34
7980	24.83	34
7990	24.83	34
8000	24.83	34
8010	24.83	34
8020	24.83	34
8030	24.83	34
8040	24.83	34
8050	24.83	34
8060	24.83	34
8070	24.83	34
8080	24.83	34
8090	24.83	34
8100	24.83	34
8110	24.83	34
8120	24.83	34
8130	24.83	34
8140	24.83	34
8150	24.85	34
8160	24.85	34
8170	24.85	34
8180	24.85	34
8190	24.85	34
8200	24.85	34
8210	24.85	34
8220	24.85	34
8230	24.85	34
8240	24.85	34
8250	24.85	34
8260	24.85	34
8270	24.85	34
8280	24.85	34
8290	24.85	34
8300	24.85	34
8310	24.85	34
8320	24.85	34
8330	24.85	34
8340	24.85	34
8350	24.85	34
8360	24.91	34
8370	24.91	34
8380	24.91	34
8390	24.91	34
8400	24.91	34
8410	24.91	34
8420	24.91	34
8430	24.91	34
8440	24.91	34
8450	24.91	34
8460	24.91	34
8470	24.91	34
8480	24.91	34
8490	24.91	34
8500	24.91	34
8510	24.91	34
8520	24.91	34
8530	24.91	34
8540	24.91	34
8550	24.91	34
8560	24.91	34
8570	24.91	34
8580	24.91	34
8590	24.91	34
8600	24.91	34
8610	24.91	34
8620	24.91	34
8630	24.91	34
8640	24.91	34
8650	24.91	34
8660	24.91	34
8670	24.95	34
8680	24.95	34
8690	24.95	34
8700	24.95	34
8710	24.95	34
8720	24.95	34
8730	24.95	34
8740	24.95	34
8750	24.95	34
8760	24.95	34
8770	24.95	34
8780	24.95	34
8790	24.95	34
8800	24.95	34
8810	24.95	34
8820	24.95	34
8830	24.95	34
8840	24.95	34
8850	24.96	34
8860	24.97	34
8870	24.99	34
8880	24.99	34
8890	24.99	34
8900	24.99	34
8910	25.05	34
8920	25.05	34
8930	25.05	34
8940	25.06	34
8950	25.06	34
8960	25.06	34
8970	25.06	34
8980	25.06	34
8990	25.06	34
9000	25.06	34
9010	25.06	34
9020	25.06	34
9030	25.06	34
9040	25.06	34
9050	25.06	34
9060	25.06	34
9070	25.06	34
9080	25.06	34
9090	25.06	34
9100	25.06	34
9110	25.08	34
9120	25.08	34
9130	25.08	34
9140	25.08	34
9150	25.08	34
9160	25.08	34
9170	25.08	34
9180	25.08	34
9190	25.08	34
9200	25.08	34
9210	25.08	34
9220	25.08	34
9230	25.08	34
9240	25.08	34
9250	25.08	34
9260	25.08	34
9270	25.11	34
9280	25.11	34
9290	25.11	34
9300	25.11	34
9310	25.11	34
9320	25.11	34
9330	25.11	34
9340	25.11	34
9350	25.11	34
9360	25.11	34
9370	25.11	34
9380	25.11	34
9390	25.13	34
9400	25.13	34
9410	25.13	34
9420	25.13	34
9430	25.13	34
9440	25.13	34
9450	25.13	34
9460	25.13	34
9470	25.13	34
9480	25.16	34
9490	25.16	34
9500	25.16	34
9510	25.16	34
9520	25.16	34
9530	25.16	34
9540	25.16	34
9550	25.2	34
9560	25.2	34
9570	25.2	34
9580	25.21	34
9590	25.21	34
9600	25.21	34
9610	25.21	34
9620	25.21	34
9630	25.21	34
9640	25.21	34
9650	25.21	34
9660	25.25	34
9670	25.25	34
9680	25.25	34
9690	25.25	34
9700	25.25	34
9710	25.25	34
9720	25.25	34
9730	25.25	34
9740	25.25	34
9750	25.25	34
9760	25.26	34
9770	25.3	34
9780	25.3	34
9790	25.3	34
9800	25.3	34
9810	25.3	34
9820	25.3	34
9830	25.31	34
9840	25.31	34
9850	25.35	34
9860	25.35	34
9870	25.36	34
9880	25.36	34
9890	25.36	34
9900	25.36	34
9910	25.36	34
9920	25.36	34
9930	25.36	34
9940	25.4	34
9950	25.4	34
9960	25.4	34
9970	25.4	34
9980	25.4	34
9990	25.4	34
10000	25.43	34
