100	4.08	29
110	4.32	29
120	4.44	29
130	4.67	29
140	5.12	29
150	5.67	29
160	5.96	29
170	6.31	29
180	6.76	29
190	6.94	29
200	7.12	29
210	7.38	29
220	7.65	29
230	7.8	29
240	8.1	29
250	8.46	29
260	8.77	29
270	9.2	29
280	9.85	29
290	10.42	29
300	10.62	29
310	10.66	29
320	11.23	29
330	11.3	29
340	11.55	29
350	11.69	29
360	11.8	29
370	11.87	29
380	11.88	29
390	12.29	29
400	12.3	29
410	12.61	29
420	12.69	29
430	12.94	29
440	13.12	29
450	13.2	29
460	13.25	29
470	13.34	29
480	13.52	29
490	13.79	29
500	14.01	29
510	14.01	29
520	14.26	29
530	14.45	29
540	14.48	29
550	14.63	29
560	14.78	29
570	15.0	29
580	15.07	29
590	15.19	29
600	15.38	29
610	15.5	29
620	15.62	29
630	15.76	29
640	15.82	29
650	15.82	29
660	15.85	29
670	16.06	29
680	16.3	29
690	16.38	29
700	16.55	29
710	16.63	29
720	16.79	29
730	16.79	29
740	16.82	29
750	16.89	29
760	16.89	29
770	17.07	29
780	17.14	29
790	17.21	29
800	17.21	29
810	17.22	29
820	17.24	29
830	17.24	29
840	17.24	29
850	17.27	29
860	17.27	29
870	17.39	29
880	17.39	29
890	17.45	29
900	17.55	29
910	17.64	29
920	17.64	29
930	17.73	29
940	17.8	29
950	17.88	29
960	17.91	29
970	17.96	29
980	17.96	29
990	17.96	29
1000	17.96	29
1010	17.96	29
1020	18.03	29
1030	18.22	29
1040	18.22	29
1050	18.31	29
1060	18.31	29
1070	18.31	29
1080	18.34	29
1090	18.34	29
1100	18.48	29
1110	18.51	29
1120	18.58	29
1130	18.72	29
1140	18.75	29
1150	18.79	29
1160	18.81	29
1170	18.86	29
1180	18.9	29
1190	18.95	29
1200	18.95	29
1210	18.95	29
1220	18.95	29
1230	19.0	29
1240	19.02	29
1250	19.02	29
1260	19.02	29
1270	19.2	29
1280	19.2	29
1290	19.2	29
1300	19.27	29
1310	19.36	29
1320	19.47	29
1330	19.47	29
1340	19.47	29
1350	19.47	29
1360	19.47	29
1370	19.47	29
1380	19.69	31
1390	19.69	31
1400	19.69	31
1410	19.73	31
1420	19.73	31
1430	19.9	31
1440	19.9	31
1450	19.98	31
1460	19.98	31
1470	20.06	31
1480	20.07	31
1490	20.07	31
1500	20.07	31
1510	20.07	31
1520	20.1	31
1530	20.1	31
1540	20.1	31
1550	20.1	31
1560	20.12	31
1570	20.18	31
1580	20.18	31
1590	20.18	31
1600	20.18	31
1610	20.3	31
1620	20.32	31
1630	20.37	31
1640	20.37	31
1650	20.41	31
1660	20.41	31
1670	20.5	31
1680	20.5	31
1690	20.5	31
1700	20.5	31
1710	20.5	31
1720	20.5	31
1730	20.54	31
1740	20.54	31
1750	20.59	31
1760	20.59	31
1770	20.59	31
1780	20.6	31
1790	20.69	31
1800	20.69	31
1810	20.69	31
1820	20.76	31
1830	20.85	31
1840	20.85	31
1850	20.87	31
1860	20.87	31
1870	20.87	31
1880	20.87	31
1890	20.87	31
1900	20.87	31
1910	20.88	31
1920	20.88	31
1930	20.88	31
1940	20.88	31
1950	20.88	31
1960	20.88	31
1970	20.88	31
1980	20.92	31
1990	20.92	31
2000	20.95	31
2010	20.95	31
2020	20.95	31
2030	20.95	31
2040	20.97	31
2050	20.97	31
2060	20.97	31
2070	20.97	31
2080	20.97	31
2090	20.97	31
2100	20.97	31
2110	20.97	31
2120	21.0	31
2130	21.02	31
2140	21.02	31
2150	21.07	31
2160	21.07	31
2170	21.1	31
2180	21.1	31
2190	21.1	31
2200	21.1	31
2210	21.1	31
2220	21.1	31
2230	21.22	31
2240	21.22	31
2250	21.22	31
2260	21.22	31
2270	21.22	31
2280	21.22	31
2290	21.22	31
2300	21.22	31
2310	21.26	31
2320	21.26	31
2330	21.28	31
2340	21.31	31
2350	21.31	31
2360	21.39	31
2370	21.4	31
2380	21.52	31
2390	21.54	31
2400	21.54	31
2410	21.54	31
2420	21.54	31
2430	21.54	31
2440	21.54	31
2450	21.62	31
2460	21.63	31
2470	21.67	31
2480	21.67	31
2490	21.67	31
2500	21.67	31
2510	21.67	31
2520	21.67	31
2530	21.67	31
2540	21.67	31
2550	21.67	31
2560	21.67	31
2570	21.73	31
2580	21.73	31
2590	21.81	31
2600	21.91	31
2610	21.93	31
2620	21.93	31
2630	21.94	31
2640	21.94	31
2650	21.94	31
2660	21.97	31
2670	21.97	31
2680	21.98	31
2690	21.98	31
2700	21.98	31
2710	21.98	31
2720	21.98	31
2730	21.98	31
2740	21.98	31
2750	21.98	31
2760	21.98	31
2770	22.07	31
2780	22.07	31
2790	22.07	31
2800	22.07	31
2810	22.07	31
2820	22.07	31
2830	22.07	31
2840	22.11	31
2850	22.11	31
2860	22.11	31
2870	22.11	31
2880	22.11	31
2890	22.11	31
2900	22.11	31
2910	22.11	31
2920	22.11	31
2930	22.11	31
2940	22.11	31
2950	22.11	31
2960	22.12	31
2970	22.13	31
2980	22.21	31
2990	22.25	31
3000	22.25	31
3010	22.25	31
3020	22.25	31
3030	22.25	31
3040	22.25	31
3050	22.32	31
3060	22.33	31
3070	22.33	31
3080	22.42	31
3090	22.42	31
3100	22.42	31
3110	22.42	31
3120	22.42	31
3130	22.42	31
3140	22.42	31
3150	22.46	31
3160	22.57	31
3170	22.57	31
3180	22.59	31
3190	22.59	31
3200	22.59	31
3210	22.59	31
3220	22.59	31
3230	22.59	31
3240	22.59	31
3250	22.63	31
3260	22.63	31
3270	22.63	31
3280	22.63	31
3290	22.63	31
3300	22.69	31
3310	22.69	31
3320	22.72	31
3330	22.75	31
3340	22.75	31
3350	22.75	31
3360	22.75	31
3370	22.76	31
3380	22.76	31
3390	22.84	31
3400	22.85	31
3410	22.85	31
3420	22.85	31
3430	22.85	31
3440	22.85	31
3450	22.85	31
3460	22.85	31
3470	22.85	31
3480	22.89	31
3490	22.89	31
3500	22.89	31
3510	22.89	31
3520	22.89	31
3530	22.89	31
3540	22.89	31
3550	22.95	31
3560	22.95	31
3570	22.95	31
3580	22.95	31
3590	22.95	31
3600	22.95	31
3610	22.95	31
3620	22.95	31
3630	22.96	31
3640	22.96	31
3650	22.96	31
3660	22.96	31
3670	22.96	31
3680	22.96	31
3690	22.96	31
3700	22.96	31
3710	22.96	31
3720	22.96	31
3730	22.96	31
3740	22.96	31
3750	22.96	31
3760	22.96	31
3770	22.96	31
3780	22.96	31
3790	22.96	31
3800	22.97	31
3810	22.97	31
3820	22.97	31
3830	22.97	31
3840	23.0	31
3850	23.04	31
3860	23.09	31
3870	23.09	31
3880	23.09	31
3890	23.09	31
3900	23.09	31
3910	23.11	31
3920	23.11	31
3930	23.11	31
3940	23.11	31
3950	23.11	31
3960	23.11	31
3970	23.11	31
3980	23.13	31
3990	23.13	31
4000	23.21	31
4010	23.23	31
4020	23.23	31
4030	23.23	31
4040	23.23	31
4050	23.23	31
4060	23.25	31
4070	23.25	31
4080	23.28	31
4090	23.34	31
4100	23.34	31
4110	23.34	31
4120	23.34	31
4130	23.34	31
4140	23.36	31
4150	23.36	31
4160	23.36	31
4170	23.36	31
4180	23.36	31
4190	23.36	31
4200	23.36	31
4210	23.36	31
4220	23.36	31
4230	23.36	31
4240	23.36	31
4250	23.38	31
4260	23.38	31
4270	23.39	31
4280	23.39	31
4290	23.39	31
4300	23.39	31
4310	23.48	31
4320	23.48	31
4330	23.48	31
4340	23.48	31
4350	23.48	31
4360	23.48	31
4370	23.48	31
4380	23.5	31
4390	23.5	31
4400	23.52	31
4410	23.52	31
4420	23.52	31
4430	23.52	31
4440	23.52	31
4450	23.52	31
4460	23.52	31
4470	23.53	31
4480	23.53	31
4490	23.53	31
4500	23.53	31
4510	23.53	31
4520	23.53	31
4530	23.53	31
4540	23.53	31
4550	23.53	31
4560	23.56	31
4570	23.56	31
4580	23.56	31
4590	23.56	31
4600	23.56	31
4610	23.61	31
4620	23.61	31
4630	23.61	31
4640	23.61	31
4650	23.61	31
4660	23.61	31
4670	23.63	31
4680	23.63	31
4690	23.63	31
4700	23.63	31
4710	23.63	31
4720	23.63	31
4730	23.63	31
4740	23.63	31
4750	23.63	31
4760	23.63	31
4770	23.63	31
4780	23.63	31
4790	23.63	31
4800	23.65	31
4810	23.65	31
4820	23.65	31
4830	23.65	31
4840	23.65	31
4850	23.65	31
4860	23.65	31
4870	23.65	31
4880	23.72	31
4890	23.72	31
4900	23.72	31
4910	23.76	31
4920	23.76	31
4930	23.76	31
4940	23.76	31
4950	23.76	31
4960	23.76	31
4970	23.76	31
4980	23.76	31
4990	23.76	31
5000	23.82	31
5010	23.82	31
5020	23.82	31
5030	23.82	31
5040	23.82	31
5050	23.82	31
5060	23.82	31
5070	23.84	31
5080	23.84	31
5090	23.84	31
5100	23.84	31
5110	23.84	31
5120	23.84	31
5130	23.88	31
5140	23.9	31
5150	23.9	31
5160	23.9	31
5170	23.9	31
5180	23.9	31
5190	23.9	31
5200	23.9	31
5210	23.9	31
5220	23.9	31
5230	23.9	31
5240	23.9	31
5250	23.9	31
5260	23.9	31
5270	23.9	31
5280	23.9	31
5290	23.9	31
5300	23.9	31
5310	23.92	31
5320	23.92	31
5330	23.92	31
5340	23.92	31
5350	23.92	31
5360	23.92	31
5370	23.92	31
5380	23.92	31
5390	23.92	31
5400	23.92	31
5410	23.92	31
5420	23.96	31
5430	23.96	31
5440	23.96	31
5450	23.96	31
5460	23.96	31
5470	23.96	31
5480	23.96	31
5490	23.96	31
5500	23.96	31
5510	23.96	31
5520	24.05	31
5530	24.05	31
5540	24.05	31
5550	24.07	31
5560	24.07	31
5570	24.07	31
5580	24.07	31
5590	24.07	31
5600	24.07	31
5610	24.07	31
5620	24.07	31
5630	24.07	31
5640	24.18	31
5650	24.18	31
5660	24.18	31
5670	24.18	31
5680	24.2	31
5690	24.28	31
5700	24.28	31
5710	24.28	31
5720	24.34	31
5730	24.34	31
5740	24.34	31
5750	24.34	31
5760	24.34	31
5770	24.34	31
5780	24.34	31
5790	24.34	31
5800	24.34	31
5810	24.34	31
5820	24.34	31
5830	24.35	31
5840	24.35	31
5850	24.35	31
5860	24.35	31
5870	24.38	31
5880	24.38	31
5890	24.38	31
5900	24.38	31
5910	24.38	31
5920	24.41	31
5930	24.41	31
5940	24.41	31
5950	24.41	31
5960	24.42	31
5970	24.42	31
5980	24.42	31
5990	24.42	31
6000	24.44	31
6010	24.44	31
6020	24.44	31
6030	24.47	31
6040	24.47	31
6050	24.47	31
6060	24.52	31
6070	24.52	31
6080	24.52	31
6090	24.52	31
6100	24.52	31
6110	24.52	31
6120	24.57	31
6130	24.57	31
6140	24.57	31
6150	24.57	31
6160	24.57	31
6170	24.57	31
6180	24.57	31
6190	24.57	31
6200	24.57	31
6210	24.57	31
6220	24.57	31
6230	24.57	31
6240	24.57	31
6250	24.57	31
6260	24.57	31
6270	24.57	31
6280	24.57	31
6290	24.57	31
6300	24.57	31
6310	24.57	31
6320	24.57	31
6330	24.57	31
6340	24.63	31
6350	24.63	31
6360	24.63	31
6370	24.63	31
6380	24.63	31
6390	24.63	31
6400	24.63	31
6410	24.65	31
6420	24.65	31
6430	24.65	31
6440	24.65	31
6450	24.65	31
6460	24.65	31
6470	24.65	31
6480	24.65	31
6490	24.65	31
6500	24.69	31
6510	24.69	31
6520	24.69	31
6530	24.69	31
6540	24.73	31
6550	24.73	31
6560	24.73	31
6570	24.73	31
6580	24.73	31
6590	24.73	31
6600	24.73	31
6610	24.73	31
6620	24.73	31
6630	24.73	31
6640	24.73	31
6650	24.73	31
6660	24.73	31
6670	24.73	31
6680	24.73	31
6690	24.73	31
6700	24.73	31
6710	24.73	31
6720	24.73	31
6730	24.73	31
6740	24.73	31
6750	24.73	31
6760	24.73	31
6770	24.73	31
6780	24.73	31
6790	24.73	31
6800	24.73	31
6810	24.73	31
6820	24.73	31
6830	24.73	31
6840	24.73	31
6850	24.73	31
6860	24.73	31
6870	24.73	31
6880	24.73	31
6890	24.73	31
6900	24.73	31
6910	24.73	31
6920	24.73	31
6930	24.73	31
6940	24.78	31
6950	24.78	31
6960	24.78	31
6970	24.78	31
6980	24.78	31
6990	24.78	31
7000	24.78	31
7010	24.78	31
7020	24.78	31
7030	24.78	31
7040	24.81	31
7050	24.81	31
7060	24.81	31
7070	24.81	31
7080	24.81	31
7090	24.81	31
7100	24.81	31
7110	24.81	31
7120	24.81	31
7130	24.81	31
7140	24.81	31
7150	24.83	31
7160	24.84	31
7170	24.84	31
7180	24.84	31
7190	24.84	31
7200	24.84	31
7210	24.84	31
7220	24.84	31
7230	24.84	31
7240	24.87	31
7250	24.87	31
7260	24.87	31
7270	24.87	31
7280	24.87	31
7290	24.87	31
7300	24.87	31
7310	24.87	31
7320	24.87	31
7330	24.87	31
7340	24.87	31
7350	24.87	31
7360	24.87	31
7370	24.89	31
7380	24.89	31
7390	24.9	31
7400	24.9	31
7410	24.93	31
7420	24.93	31
7430	24.94	31
7440	24.94	31
7450	24.94	31
7460	24.94	31
7470	24.94	31
7480	25.01	31
7490	25.01	31
7500	25.01	31
7510	25.01	31
7520	25.01	31
7530	25.01	31
7540	25.01	31
7550	25.01	31
7560	25.01	31
7570	25.01	31
7580	25.01	31
7590	25.01	31
7600	25.01	31
7610	25.01	31
7620	25.01	31
7630	25.01	31
7640	25.11	31
7650	25.11	31
7660	25.11	31
7670	25.11	31
7680	25.13	31
7690	25.14	31
7700	25.14	31
7710	25.14	31
7720	25.14	31
7730	25.14	31
7740	25.14	31
7750	25.14	31
7760	25.14	31
7770	25.14	31
7780	25.14	31
7790	25.14	31
7800	25.14	31
7810	25.14	31
7820	25.14	31
7830	25.15	31
7840	25.16	31
7850	25.16	31
7860	25.16	31
7870	25.16	31
7880	25.16	31
7890	25.16	31
7900	25.16	31
7910	25.16	31
7920	25.16	31
7930	25.16	31
7940	25.16	31
7950	25.16	31
7960	25.16	31
7970	25.16	31
7980	25.16	31
7990	25.16	31
8000	25.16	31
8010	25.16	31
8020	25.16	31
8030	25.16	31
8040	25.16	31
8050	25.16	31
8060	25.16	31
8070	25.17	31
8080	25.17	31
8090	25.17	31
8100	25.17	31
8110	25.17	31
8120	25.17	31
8130	25.17	31
8140	25.17	31
8150	25.17	31
8160	25.17	31
8170	25.17	31
8180	25.17	31
8190	25.17	31
8200	25.17	31
8210	25.17	31
8220	25.17	31
8230	25.17	31
8240	25.17	31
8250	25.17	31
8260	25.17	31
8270	25.17	31
8280	25.17	31
8290	25.17	31
8300	25.17	31
8310	25.17	31
8320	25.17	31
8330	25.17	31
8340	25.17	31
8350	25.2	31
8360	25.2	31
8370	25.2	31
8380	25.2	31
8390	25.2	31
8400	25.2	31
8410	25.2	31
8420	25.2	31
8430	25.22	31
8440	25.22	31
8450	25.22	31
8460	25.22	31
8470	25.22	31
8480	25.22	31
8490	25.22	31
8500	25.22	31
8510	25.22	31
8520	25.22	31
8530	25.22	31
8540	25.22	31
8550	25.22	31
8560	25.22	31
8570	25.22	31
8580	25.22	31
8590	25.22	31
8600	25.22	31
8610	25.22	31
8620	25.22	31
8630	25.22	31
8640	25.22	31
8650	25.22	31
8660	25.22	31
8670	25.22	31
8680	25.22	31
8690	25.22	31
8700	25.22	31
8710	25.22	31
8720	25.22	31
8730	25.22	31
8740	25.22	31
8750	25.22	31
8760	25.22	31
8770	25.22	31
8780	25.22	31
8790	25.22	31
8800	25.22	31
8810	25.22	31
8820	25.22	31
8830	25.22	31
8840	25.22	31
8850	25.22	31
8860	25.32	31
8870	25.34	31
8880	25.34	31
8890	25.37	31
8900	25.37	31
8910	25.37	31
8920	25.37	31
8930	25.37	31
8940	25.37	31
8950	25.37	31
8960	25.37	31
8970	25.37	31
8980	25.37	31
8990	25.38	31
9000	25.38	31
9010	25.38	31
9020	25.38	31
9030	25.38	31
9040	25.38	31
9050	25.38	31
9060	25.38	31
9070	25.38	31
9080	25.38	31
9090	25.38	31
9100	25.41	31
9110	25.41	31
9120	25.41	31
9130	25.41	31
9140	25.41	31
9150	25.41	31
9160	25.41	31
9170	25.41	31
9180	25.41	31
9190	25.41	31
9200	25.41	31
9210	25.41	31
9220	25.41	31
9230	25.41	31
9240	25.41	31
9250	25.41	31
9260	25.41	31
9270	25.41	31
9280	25.41	31
9290	25.41	31
9300	25.41	31
9310	25.41	31
9320	25.41	31
9330	25.41	31
9340	25.41	31
9350	25.41	31
9360	25.41	31
9370	25.41	31
9380	25.41	31
9390	25.41	31
9400	25.42	31
9410	25.42	31
9420	25.42	31
9430	25.42	31
9440	25.42	31
9450	25.42	31
9460	25.42	31
9470	25.42	31
9480	25.42	31
9490	25.42	31
9500	25.46	31
9510	25.46	31
9520	25.46	31
9530	25.46	31
9540	25.46	31
9550	25.46	31
9560	25.46	31
9570	25.46	31
9580	25.48	31
9590	25.51	31
9600	25.51	31
9610	25.51	31
9620	25.51	31
9630	25.51	31
9640	25.51	31
9650	25.51	31
9660	25.51	31
9670	25.51	31
9680	25.51	31
9690	25.51	31
9700	25.51	31
9710	25.59	31
9720	25.59	31
9730	25.59	31
9740	25.59	31
9750	25.59	31
9760	25.59	31
9770	25.59	31
9780	25.59	31
9790	25.59	31
9800	25.59	31
9810	25.59	31
9820	25.6	31
9830	25.6	31
9840	25.6	31
9850	25.6	31
9860	25.6	31
9870	25.6	31
9880	25.6	31
9890	25.6	31
9900	25.62	31
9910	25.63	31
9920	25.63	31
9930	25.63	31
9940	25.63	31
9950	25.63	31
9960	25.63	31
9970	25.63	31
9980	25.63	31
9990	25.63	31
10000	25.63	31
