100	17.64	49
125	18.18	49
150	16.69	49
175	16.37	49
200	16.25	49
225	16.81	49
250	16.06	50
275	17.89	57
300	19.64	57
325	19.13	57
350	19.25	57
375	20.9	57
400	20.36	57
425	20.07	57
450	20.43	57
475	19.7	57
500	21.57	57
525	22.82	57
550	23.21	57
575	22.18	57
600	20.94	57
625	21.0	57
650	21.01	57
675	21.11	57
700	20.72	57
725	22.44	57
750	21.78	57
775	20.59	57
800	20.3	57
825	19.36	57
850	18.36	57
875	17.92	57
900	17.15	57
925	17.38	57
950	17.16	57
975	16.71	57
1000	16.94	57
1025	16.79	57
1050	17.14	57
1075	17.56	57
1100	17.44	57
1125	17.83	57
1150	18.75	57
1175	19.29	57
1200	19.02	57
1225	19.88	57
1250	19.2	57
1275	19.39	57
1300	19.56	57
1325	19.21	57
1350	17.56	57
1375	18.65	57
1400	18.57	57
1425	19.37	57
1450	17.88	57
1475	18.37	57
1500	18.99	57
1525	21.28	57
1550	21.56	57
1575	20.57	57
1600	18.87	57
1625	20.24	57
1650	20.54	57
1675	19.55	57
1700	20.75	57
1725	22.25	57
1750	21.44	57
1775	19.29	57
1800	19.38	57
1825	18.87	57
1850	19.5	57
1875	20.36	57
1900	20.1	57
1925	20.57	57
1950	20.67	59
1975	20.61	59
2000	20.34	59
2025	20.64	59
2050	19.4	59
2075	20.01	59
2100	19.2	59
2125	20.29	59
2150	19.65	59
2175	19.98	59
2200	20.53	59
2225	20.65	59
2250	19.82	59
2275	20.61	59
2300	19.36	59
2325	19.13	59
2350	18.74	59
2375	19.31	59
2400	19.26	59
2425	19.36	59
2450	17.8	59
2475	18.65	59
2500	19.4	59
2525	19.95	59
2550	21.19	59
2575	21.97	59
2600	22.26	59
2625	22.51	59
2650	22.23	59
2675	20.19	59
2700	18.3	59
2725	19.41	59
2750	20.94	59
2775	19.4	59
2800	20.32	59
2825	21.13	59
2850	20.2	59
2875	20.95	59
2900	20.89	59
2925	19.87	59
2950	20.42	59
2975	19.38	59
3000	19.31	59
3025	19.98	59
3050	20.17	59
3075	20.58	59
3100	21.28	59
3125	21.5	59
3150	21.31	59
3175	21.4	59
3200	20.68	59
3225	20.37	59
3250	19.99	59
3275	18.71	59
3300	18.25	59
3325	18.62	59
3350	18.65	59
3375	19.69	59
3400	19.84	59
3425	20.2	59
3450	20.63	59
3475	20.31	59
3500	19.93	59
3525	20.89	59
3550	21.22	59
3575	22.67	59
3600	21.83	59
3625	20.74	59
3650	20.78	59
3675	19.98	59
3700	18.86	59
3725	20.25	59
3750	19.41	59
3775	19.35	59
3800	19.76	59
3825	20.01	59
3850	20.34	59
3875	21.62	59
3900	20.2	59
3925	22.47	59
3950	21.29	59
3975	19.65	59
4000	20.32	59
4025	20.04	59
4050	19.81	59
4075	20.93	59
4100	21.58	59
4125	21.2	59
4150	21.1	59
4175	22.29	59
4200	22.54	59
4225	24.25	59
4250	24.99	59
4275	24.28	59
4300	23.54	59
4325	23.16	59
4350	23.83	59
4375	22.15	59
4400	22.53	59
4425	22.42	59
4450	21.49	59
4475	19.75	59
4500	19.15	59
4525	18.65	59
4550	19.42	59
4575	20.42	59
4600	21.41	59
4625	21.0	59
4650	21.09	59
4675	22.09	59
4700	22.15	59
4725	21.48	59
4750	21.75	59
4775	21.78	59
4800	20.77	59
4825	22.14	59
4850	21.58	59
4875	21.34	59
4900	21.28	59
4925	21.02	59
4950	20.85	59
4975	20.84	59
5000	21.64	59
5025	21.35	59
5050	21.29	59
5075	19.92	59
5100	20.42	59
5125	19.32	59
5150	19.46	59
5175	20.79	59
5200	19.25	59
5225	19.25	59
5250	19.7	59
5275	21.53	59
5300	21.54	59
5325	21.74	59
5350	22.75	59
5375	22.57	59
5400	22.51	59
5425	22.27	59
5450	21.33	59
5475	20.05	59
5500	18.92	59
5525	17.85	59
5550	18.43	59
5575	17.59	59
5600	17.43	59
5625	17.28	68
5650	18.52	68
5675	20.62	68
5700	20.44	68
5725	20.81	68
5750	21.1	68
5775	20.34	68
5800	19.89	68
5825	19.46	68
5850	18.78	68
5875	19.11	68
5900	20.24	68
5925	20.86	68
5950	19.98	68
5975	20.61	68
6000	19.99	68
6025	20.76	68
6050	23.08	68
6075	22.83	68
6100	23.43	68
6125	25.0	68
6150	24.61	68
6175	25.53	68
6200	24.25	68
6225	23.51	68
6250	22.78	68
6275	22.6	68
6300	21.85	68
6325	21.29	68
6350	20.48	68
6375	20.48	68
6400	21.07	68
6425	20.01	68
6450	20.93	68
6475	21.35	68
6500	21.36	68
6525	22.78	68
6550	22.43	68
6575	22.62	68
6600	22.96	68
6625	23.78	68
6650	24.59	68
6675	24.08	68
6700	22.95	68
6725	22.27	68
6750	21.09	68
6775	21.28	68
6800	22.03	68
6825	22.96	68
6850	21.87	68
6875	22.27	68
6900	21.53	68
6925	21.47	68
6950	20.18	68
6975	20.05	68
7000	21.83	68
7025	21.1	68
7050	19.97	68
7075	21.01	68
7100	21.05	68
7125	20.72	68
7150	21.45	68
7175	20.69	68
7200	21.89	68
7225	20.93	68
7250	21.9	68
7275	22.35	68
7300	23.09	68
7325	22.72	68
7350	21.14	68
7375	21.2	68
7400	21.13	68
7425	21.88	68
7450	20.96	68
7475	22.06	68
7500	22.2	68
7525	21.89	68
7550	20.65	68
7575	19.89	68
7600	21.93	68
7625	22.5	68
7650	21.89	68
7675	21.66	68
7700	20.67	68
7725	19.97	68
7750	21.83	69
7775	22.62	69
7800	22.02	69
7825	21.62	69
7850	22.38	69
7875	21.49	69
7900	20.99	69
7925	20.57	69
7950	21.62	69
7975	21.67	69
8000	21.71	69
8025	19.33	69
8050	19.28	69
8075	19.28	69
8100	20.94	69
8125	21.63	69
8150	21.35	69
8175	20.27	69
8200	19.54	69
8225	19.79	69
8250	18.47	69
8275	16.7	69
8300	17.46	69
8325	17.33	69
8350	17.42	69
8375	17.01	69
8400	15.47	69
8425	16.05	69
8450	15.17	69
8475	16.67	69
8500	18.27	69
8525	18.1	69
8550	18.76	69
8575	18.8	69
8600	19.01	69
8625	19.11	69
8650	19.82	69
8675	20.17	69
8700	19.8	69
8725	19.8	69
8750	19.79	69
8775	20.18	69
8800	20.33	69
8825	19.36	69
8850	19.1	69
8875	18.05	69
8900	18.85	69
8925	18.76	69
8950	19.56	69
8975	20.88	69
9000	19.29	69
9025	18.53	69
9050	18.69	69
9075	18.29	69
9100	19.22	69
9125	21.02	69
9150	22.52	69
9175	21.17	69
9200	20.09	69
9225	20.63	69
9250	19.33	69
9275	19.2	69
9300	17.69	69
9325	18.1	69
9350	18.95	69
9375	17.62	69
9400	18.93	69
9425	18.54	69
9450	18.05	69
9475	19.6	69
9500	18.39	69
9525	18.14	69
9550	18.27	69
9575	18.78	69
9600	19.08	69
9625	18.79	69
9650	19.32	69
9675	20.09	69
9700	20.54	69
9725	21.01	69
9750	21.7	69
9775	21.6	69
9800	20.85	69
9825	21.78	69
9850	21.58	69
9875	20.86	69
9900	22.09	69
9925	21.39	69
9950	21.34	69
9975	21.39	69
10000	20.83	69
